lag_frame[sec],NGP_[dimensionless]
0.008333333333333333,0.759147603366809
0.016666666666666666,0.47411870450664484
0.025,0.38234721284420714
0.03333333333333333,0.3507364060474627
0.041666666666666664,0.32836068394455675
0.05,0.31194536159927266
0.058333333333333334,0.3082835542512643
0.06666666666666667,0.3029178899573379
0.075,0.2952440750741707
0.08333333333333333,0.2898513365751374
0.09166666666666666,0.2897072711382611
0.1,0.28951855828332507
0.10833333333333334,0.28653515327297474
0.11666666666666667,0.28613559159511026
0.125,0.2806954906195718
0.13333333333333333,0.2803924000930398
0.14166666666666666,0.27585520775621153
0.15,0.2752947788701017
0.15833333333333333,0.27229152298047965
0.16666666666666666,0.272914585888026
0.175,0.2697178997637464
0.18333333333333332,0.2673751401482858
0.19166666666666665,0.2645739643498235
0.2,0.26268078659030203
0.20833333333333334,0.2614328381106139
0.21666666666666667,0.259650408598217
0.225,0.2599819627377029
0.23333333333333334,0.2607562007256028
0.24166666666666667,0.26236677499421046
0.25,0.26326824307231567
0.2583333333333333,0.2647611979946627
0.26666666666666666,0.2670889090938162
0.275,0.26991704579597253
0.2833333333333333,0.2715765398200476
0.2916666666666667,0.2739908207086972
0.3,0.27616961165867004
0.30833333333333335,0.2777082241851516
0.31666666666666665,0.28137052504984483
0.325,0.2815867878218785
0.3333333333333333,0.28238692293864176
0.3416666666666667,0.2844604866693836
0.35,0.28575584086251604
0.35833333333333334,0.28680937451793764
0.36666666666666664,0.2869219445441513
0.375,0.2863761946151977
0.3833333333333333,0.28589414057406026
0.39166666666666666,0.285931811548116
0.4,0.2854976585551203
0.4083333333333333,0.28609219257185936
0.4166666666666667,0.28548948661952167
0.425,0.28530510396688236
0.43333333333333335,0.28560813780152605
0.44166666666666665,0.2864788213751803
0.45,0.28656611710629076
0.4583333333333333,0.28484453341424265
0.4666666666666667,0.28420047785770186
0.475,0.28326416769581275
0.48333333333333334,0.2827227495315179
0.49166666666666664,0.28194465108754496
0.5,0.279942393934663
0.5083333333333333,0.2794265357827852
0.5166666666666666,0.27785611594669213
0.525,0.2771948858638076
0.5333333333333333,0.27783834367925286
0.5416666666666666,0.27776646984503306
0.55,0.27849527313007316
0.5583333333333333,0.2779927967844733
0.5666666666666667,0.2787877652240962
0.575,0.27881439049674794
0.5833333333333334,0.2798386471194063
0.5916666666666667,0.28143291812902826
0.6,0.28223730618089427
0.6083333333333333,0.28338046968250175
0.6166666666666667,0.28488237004965855
0.625,0.2864587848462885
0.6333333333333333,0.2868595026996299
0.6416666666666666,0.28751476264429554
0.65,0.2882046552896138
0.6583333333333333,0.2881471821939625
0.6666666666666666,0.28895650300012954
0.675,0.28937187182079294
0.6833333333333333,0.28832619949127136
0.6916666666666667,0.28869938655632765
0.7,0.2890238850799487
0.7083333333333334,0.28906027126108813
0.7166666666666667,0.2888411592896072
0.725,0.28840252786165776
0.7333333333333333,0.2884515629532769
0.7416666666666667,0.286985512504468
0.75,0.2870265931681437
0.7583333333333333,0.2875338738638771
0.7666666666666666,0.287154989353557
0.775,0.2872670316250652
0.7833333333333333,0.2872127761405485
0.7916666666666666,0.28723324365648706
0.8,0.28770626369645713
0.8083333333333333,0.28779502881241315
0.8166666666666667,0.28811711381992655
0.825,0.2885443602799591
0.8333333333333334,0.28864834687943297
0.8416666666666667,0.2879858086009246
0.85,0.2877425934074991
0.8583333333333333,0.28852774566417394
0.8666666666666667,0.2884795377256051
0.875,0.2886890316076116
0.8833333333333333,0.2892303641437748
0.8916666666666666,0.28905152329818695
0.9,0.2888237938586702
0.9083333333333333,0.28899799109793123
0.9166666666666666,0.28922864416476757
0.9249999999999999,0.2891633219725387
0.9333333333333333,0.2891911250470418
0.9416666666666667,0.28857215649216617
0.95,0.28849161238927845
0.9583333333333334,0.28847175445399653
0.9666666666666667,0.2884633388958544
0.975,0.2890623982305409
0.9833333333333333,0.2897658563875696
0.9916666666666667,0.29063318472112254
1.0,0.29171648210242473
1.0083333333333333,0.2926371984435845
1.0166666666666666,0.29347425055523657
1.025,0.29482670876936545
1.0333333333333332,0.29629845753154926
1.0416666666666667,0.2980419655248503
1.05,0.30022167459725413
1.0583333333333333,0.3016283464993148
1.0666666666666667,0.30295043540709
1.075,0.3043914630521747
1.0833333333333333,0.3059986874920744
1.0916666666666666,0.3071276073585043
1.1,0.3078116301883418
1.1083333333333334,0.30862844298399317
1.1166666666666667,0.31017128521413473
1.125,0.3114208257757063
1.1333333333333333,0.31214463195497855
1.1416666666666666,0.31299413889811456
1.15,0.31378925413190073
1.1583333333333332,0.3148238075877945
1.1666666666666667,0.3161447638049344
1.175,0.316935738331271
1.1833333333333333,0.31721047904891386
1.1916666666666667,0.3180111602487592
1.2,0.3186924282378383
1.2083333333333333,0.318256951871855
1.2166666666666666,0.3182598330296249
1.225,0.31759992840224127
1.2333333333333334,0.3170260950028636
1.2416666666666667,0.31668293089644073
1.25,0.3159349070173698
1.2583333333333333,0.31619020114414065
1.2666666666666666,0.3167298229523001
1.275,0.31688094444118087
1.2833333333333332,0.3170281365880854
1.2916666666666667,0.3164466590530344
1.3,0.31633390441351494
1.3083333333333333,0.3159025624338343
1.3166666666666667,0.3152639113387179
1.325,0.3148857297969876
1.3333333333333333,0.3150969898353049
1.3416666666666666,0.3151307713413176
1.35,0.3152018712242255
1.3583333333333334,0.3149469385610557
1.3666666666666667,0.3141428861271247
1.375,0.31372667057443615
1.3833333333333333,0.31280367733494785
1.3916666666666666,0.3123379885134441
1.4,0.3123429498997552
1.4083333333333332,0.3114297910324797
1.4166666666666667,0.3103270521360395
1.425,0.31034989055146034
1.4333333333333333,0.31018628367327783
1.4416666666666667,0.3097145147772369
1.45,0.3085115443631721
1.4583333333333333,0.3077779409674777
1.4666666666666666,0.307257521903574
1.475,0.3060932146428532
1.4833333333333334,0.3048943428677986
1.4916666666666667,0.3041697525029148
1.5,0.3036242766673758
1.5083333333333333,0.3029543268241983
1.5166666666666666,0.3020525246547012
1.525,0.3012022062874409
1.5333333333333332,0.30005064042588625
1.5416666666666667,0.29823291600305457
1.55,0.2977192895735068
1.5583333333333333,0.296780101604714
1.5666666666666667,0.2965813497730565
1.575,0.2962225608318918
1.5833333333333333,0.295316595316496
1.5916666666666666,0.29504898535782487
1.6,0.29521090381795956
1.6083333333333334,0.29607691239249045
1.6166666666666667,0.2969233556242383
1.625,0.29567288724491636
1.6333333333333333,0.2957554122134485
1.6416666666666666,0.29518429532426316
1.65,0.2949300784779372
1.6583333333333332,0.29586331179661407
1.6666666666666667,0.2964556133690148
1.675,0.29682278673510276
1.6833333333333333,0.2969213781140194
1.6916666666666667,0.2971348929626503
1.7,0.29703701641953684
1.7083333333333333,0.2972251516408242
1.7166666666666666,0.29745530476601734
1.7249999999999999,0.2978810606693296
1.7333333333333334,0.2979801301782037
1.7416666666666667,0.2976410816493109
1.75,0.2977954052805194
1.7583333333333333,0.2972524489554491
1.7666666666666666,0.29662355037126
1.775,0.2975338051160099
1.7833333333333332,0.2976050117159508
1.7916666666666667,0.29756631082285945
1.8,0.29739266552650667
1.8083333333333333,0.29722071304914577
1.8166666666666667,0.2967155418279066
1.825,0.2963226156615566
1.8333333333333333,0.295109100361165
1.8416666666666666,0.2945088963362421
1.8499999999999999,0.29447515686207315
1.8583333333333334,0.29386817509547036
1.8666666666666667,0.29319591918636045
1.875,0.29223442484180073
1.8833333333333333,0.2908267306745771
1.8916666666666666,0.2899605923477797
1.9,0.28892173118690434
1.9083333333333332,0.2885114274921676
1.9166666666666667,0.28811127091411737
1.925,0.28680552489296907
1.9333333333333333,0.2856781524508214
1.9416666666666667,0.2847099501251713
1.95,0.2832660249048471
1.9583333333333333,0.28236908400322513
1.9666666666666666,0.2812640632143586
1.9749999999999999,0.2796016559903056
1.9833333333333334,0.2788298751922713
1.9916666666666667,0.27752588079439255
2.0,0.2764330467527425
2.0083333333333333,0.2754393815959051
2.0166666666666666,0.27414203163919026
2.025,0.27328193442151494
2.033333333333333,0.27168931436061516
2.0416666666666665,0.27024042035730655
2.05,0.26862786536853234
2.058333333333333,0.2671337470428492
2.0666666666666664,0.2665603074122651
2.075,0.2653300183968508
2.0833333333333335,0.2642110907084332
2.091666666666667,0.2637677327634993
2.1,0.2631831888597893
2.1083333333333334,0.26245852510535883
2.1166666666666667,0.2618690428614978
2.125,0.26098951475504895
2.1333333333333333,0.25989141183164155
2.1416666666666666,0.2594493293549618
2.15,0.2585060070112415
2.158333333333333,0.2579942637254333
2.1666666666666665,0.25735993196733653
2.175,0.2564839275458779
2.183333333333333,0.25559623472462567
2.1916666666666664,0.2552766020640618
2.2,0.2549560069020058
2.2083333333333335,0.2542726563768589
2.216666666666667,0.2532844458872041
2.225,0.2527485937144591
2.2333333333333334,0.25216828629196675
2.2416666666666667,0.2518192276580873
2.25,0.25097686546600406
2.2583333333333333,0.24975113105760727
2.2666666666666666,0.2490605534311885
2.275,0.2479682704789834
2.283333333333333,0.2468658098176586
2.2916666666666665,0.24628922879830606
2.3,0.24493423109831514
2.308333333333333,0.2433379088136205
2.3166666666666664,0.24244082147604407
2.325,0.24116428871793483
2.3333333333333335,0.23956030911865445
2.341666666666667,0.23831636045260218
2.35,0.2372559469258373
2.3583333333333334,0.23650386188435157
2.3666666666666667,0.23554170049940049
2.375,0.23402665198397377
2.3833333333333333,0.23267595668754582
2.3916666666666666,0.23140963786967284
2.4,0.2306214387152492
2.408333333333333,0.23005936913047131
2.4166666666666665,0.22943924582474584
2.425,0.22805335684593664
2.433333333333333,0.2265455778648391
2.4416666666666664,0.22550318414574577
2.45,0.22493413964064457
2.4583333333333335,0.22445541640394473
2.466666666666667,0.22387697658506567
2.475,0.2232383583384927
2.4833333333333334,0.22327480427129576
2.4916666666666667,0.22275050992427148
2.5,0.2223959075707962
2.5083333333333333,0.22186150616711675
2.5166666666666666,0.22119364240289285
2.525,0.22080885191221689
2.533333333333333,0.22068823829070405
2.5416666666666665,0.22062294504657354
2.55,0.2205688207661407
2.558333333333333,0.219775274831439
2.5666666666666664,0.21924222479952693
2.575,0.21867907246984486
2.5833333333333335,0.21829342403133323
2.591666666666667,0.21785325090049845
2.6,0.2167899544439822
2.6083333333333334,0.21608383184108604
2.6166666666666667,0.21520017450417428
2.625,0.21438724513923146
2.6333333333333333,0.21422995597222383
2.6416666666666666,0.21343962604062838
2.65,0.21255785390732074
2.658333333333333,0.21194462010599002
2.6666666666666665,0.2109504611625692
2.675,0.2102474696851373
2.683333333333333,0.209724538194753
2.6916666666666664,0.20816125795756202
2.7,0.20690581884001058
2.7083333333333335,0.20570072615594404
2.716666666666667,0.20446573335498486
2.725,0.20321301274296122
2.7333333333333334,0.20229428614489153
2.7416666666666667,0.20116589266928475
2.75,0.2000561967186374
2.7583333333333333,0.1995044100986194
2.7666666666666666,0.1986128203838513
2.775,0.19751497087158043
2.783333333333333,0.1963862516014816
2.7916666666666665,0.19497439309061293
2.8,0.19447834836731404
2.808333333333333,0.1947129473716418
2.8166666666666664,0.19564415156849746
2.825,0.1966446035312106
2.8333333333333335,0.19667635158342556
2.841666666666667,0.19588671302142946
2.85,0.1965936630913938
2.8583333333333334,0.19697700806753637
2.8666666666666667,0.1973656172695033
2.875,0.1973792302638051
2.8833333333333333,0.19757068449437454
2.8916666666666666,0.19796363438210252
2.9,0.198081516802185
2.908333333333333,0.19818585156899982
2.9166666666666665,0.19794812415226715
2.925,0.19756148221534975
2.933333333333333,0.1972375733971743
2.9416666666666664,0.1969895189057289
2.95,0.1970097841757652
2.9583333333333335,0.19694575082099175
2.966666666666667,0.1970364006103713
2.975,0.19738322231414251
2.9833333333333334,0.19726006587913392
2.9916666666666667,0.1974702716391612
3.0,0.19746313424420614
3.0083333333333333,0.19801622032247845
3.0166666666666666,0.1982372551825129
3.025,0.1980150148099491
3.033333333333333,0.19792634787314567
3.0416666666666665,0.19796491369264446
3.05,0.19796268277654416
3.058333333333333,0.19808012394593644
3.0666666666666664,0.19772078211773292
3.075,0.1983065899512806
3.0833333333333335,0.19853510903503024
3.091666666666667,0.19805365554251697
3.1,0.19773577645503337
3.1083333333333334,0.19744293452770667
3.1166666666666667,0.19756900864805949
3.125,0.19774567324220937
3.1333333333333333,0.19799549471215472
3.1416666666666666,0.1977634450144834
3.15,0.19766238214378196
3.158333333333333,0.19809093661795862
3.1666666666666665,0.19808133546491336
3.175,0.19824226596160255
3.183333333333333,0.19831325695563118
3.1916666666666664,0.19837536472685158
3.2,0.19826835877365445
3.2083333333333335,0.1981424881987206
3.216666666666667,0.19763195123623012
3.225,0.19710804361104373
3.2333333333333334,0.19663400888713967
3.2416666666666667,0.19607314759746752
3.25,0.19575657233840382
3.2583333333333333,0.1954017343997312
3.2666666666666666,0.19498051695949026
3.275,0.1944837936164583
3.283333333333333,0.19369648570810272
3.2916666666666665,0.19311717566079434
3.3,0.19247482848579622
3.308333333333333,0.19140702589231884
3.3166666666666664,0.1906478152060871
3.3249999999999997,0.19029054850056304
3.3333333333333335,0.18950984714315777
3.341666666666667,0.1886652180097519
3.35,0.18833765636967637
3.3583333333333334,0.18798728249209762
3.3666666666666667,0.18762800526313383
3.375,0.1874461203158415
3.3833333333333333,0.18719938971161176
3.3916666666666666,0.1865997241433428
3.4,0.18579833124709633
3.408333333333333,0.18481622239118156
3.4166666666666665,0.1843696328565152
3.425,0.1836493855262331
3.433333333333333,0.1830400680614943
3.4416666666666664,0.18235216419490352
3.4499999999999997,0.18122206871189506
3.4583333333333335,0.18103517142550318
3.466666666666667,0.18047213891517488
3.475,0.17996482770108457
3.4833333333333334,0.17915062903063572
3.4916666666666667,0.17858717950944758
3.5,0.17783019958870994
3.5083333333333333,0.17688224957159782
3.5166666666666666,0.17597884885149462
3.525,0.17525660749729588
3.533333333333333,0.17455132607172485
3.5416666666666665,0.17437524185231768
3.55,0.17449797878359963
3.558333333333333,0.17515953540732165
3.5666666666666664,0.17582352254011258
3.5749999999999997,0.1761387993395025
3.5833333333333335,0.17625215559359564
3.591666666666667,0.1771052328770526
3.6,0.17738582290368954
3.6083333333333334,0.17775077209975731
3.6166666666666667,0.1784682506016415
3.625,0.17865987301339237
3.6333333333333333,0.17898646640871863
3.6416666666666666,0.1793811467172084
3.65,0.18062706848014765
3.658333333333333,0.18116792202758392
3.6666666666666665,0.1814611278912186
3.675,0.18209864669448184
3.683333333333333,0.1823112401446123
3.6916666666666664,0.182863019982743
3.6999999999999997,0.18345839412461618
3.7083333333333335,0.18464623140906578
3.716666666666667,0.18511542642175982
3.725,0.18541353788582704
3.7333333333333334,0.18599781452253983
3.7416666666666667,0.1857155775595003
3.75,0.1859401470192641
3.7583333333333333,0.18645999355328624
3.7666666666666666,0.18596427529156578
3.775,0.185643256573508
3.783333333333333,0.18561824864730658
3.7916666666666665,0.18570676461473212
3.8,0.1862784440151739
3.808333333333333,0.18622459874695219
3.8166666666666664,0.1861161986916715
3.8249999999999997,0.18614773997077338
3.8333333333333335,0.18667966208960274
3.841666666666667,0.18717055701583685
3.85,0.18744061964865866
3.8583333333333334,0.18784983578654102
3.8666666666666667,0.18840736369022726
3.875,0.18883323918464856
3.8833333333333333,0.18939559433610897
3.8916666666666666,0.19035117547559421
3.9,0.1912249231682066
3.908333333333333,0.191741732913971
3.9166666666666665,0.19221758880108553
3.925,0.19327622730584348
3.933333333333333,0.19418055916797128
3.9416666666666664,0.19503657830453913
3.9499999999999997,0.19566752130958043
3.9583333333333335,0.19603009133667615
3.966666666666667,0.19676350013572708
3.975,0.19727950686395324
3.9833333333333334,0.19817474397973012
3.9916666666666667,0.1986379848993538
4.0,0.19931804032365452
4.008333333333333,0.20000513910172435
4.016666666666667,0.2007280040138768
4.025,0.20111502589240127
4.033333333333333,0.20122636581848874
4.041666666666667,0.20213160646605055
4.05,0.20280473056183812
4.058333333333334,0.20282473844783633
4.066666666666666,0.20297391961653988
4.075,0.20271244405621114
4.083333333333333,0.2024632946928948
4.091666666666667,0.20265878085041678
4.1,0.20228561816674873
4.108333333333333,0.20175296909280727
4.116666666666666,0.20187275175789376
4.125,0.20197779524770842
4.133333333333333,0.20170279257580237
4.141666666666667,0.2011182276272605
4.15,0.20032113372875693
4.158333333333333,0.19988565843073247
4.166666666666667,0.19926591029534024
4.175,0.1993004703090513
4.183333333333334,0.1990430105961254
4.191666666666666,0.19907799390588998
4.2,0.19884814147692764
4.208333333333333,0.19836826957637133
4.216666666666667,0.19800400580580657
4.225,0.19774578730154024
4.233333333333333,0.19786869322234368
4.241666666666666,0.19721868155521216
4.25,0.19676311803159785
4.258333333333333,0.19631730041967588
4.266666666666667,0.19544164415414822
4.275,0.19524007310710867
4.283333333333333,0.19458544102666475
4.291666666666667,0.19407988084082395
4.3,0.19360614871215942
4.308333333333334,0.19308691109544407
4.316666666666666,0.1928855914311005
4.325,0.1919062920445791
4.333333333333333,0.19126628253704836
4.341666666666667,0.19025371924225354
4.35,0.18904063174855712
4.358333333333333,0.18836193040568938
4.366666666666666,0.18722686907582986
4.375,0.18644602341136585
4.383333333333333,0.18543015420949382
4.391666666666667,0.18466032615781303
4.4,0.18366097941802617
4.408333333333333,0.1828278231033964
4.416666666666667,0.18152956295685763
4.425,0.1804362797856609
4.433333333333334,0.18021223020569366
4.441666666666666,0.17934300525661295
4.45,0.17808051818477355
4.458333333333333,0.17673514131796142
4.466666666666667,0.1758294317029232
4.475,0.17471642762414796
4.483333333333333,0.1739459615054133
4.491666666666666,0.17315984230585735
4.5,0.1724073741413572
4.508333333333333,0.1708296198632282
4.516666666666667,0.1701725796458522
4.525,0.16930539816431578
4.533333333333333,0.16897531360116513
4.541666666666667,0.16713038926805446
4.55,0.16637117004667434
4.558333333333334,0.16573657494690397
4.566666666666666,0.16512389217117307
4.575,0.16426435435958475
4.583333333333333,0.16324151725053948
4.591666666666667,0.16177794862174477
4.6,0.16013128099263474
4.608333333333333,0.15922109885791347
4.616666666666666,0.15849785023569885
4.625,0.1574304225662786
4.633333333333333,0.1562077272044009
4.641666666666667,0.15520321208677856
4.65,0.15439144988415476
4.658333333333333,0.15381178718849364
4.666666666666667,0.15342172404405585
4.675,0.15256683845380947
4.683333333333334,0.1518738172374441
4.691666666666666,0.15158920322008496
4.7,0.150967950338607
4.708333333333333,0.15030993116143843
4.716666666666667,0.1492841790506303
4.725,0.14874366849097176
4.733333333333333,0.14754128165249258
4.741666666666666,0.1466093974889131
4.75,0.14475121699448534
4.758333333333333,0.14362790824297944
4.766666666666667,0.14241839655967836
4.775,0.1412518561117313
4.783333333333333,0.14011174105153978
4.791666666666667,0.13888868230131313
4.8,0.13714849583617572
4.808333333333334,0.13521629511220135
4.816666666666666,0.13417722366732532
4.825,0.13209059828923175
4.833333333333333,0.13023275738132734
4.841666666666667,0.1278861230170356
4.85,0.12648240254738252
4.858333333333333,0.12443994868551389
4.866666666666666,0.12269049946776112
4.875,0.11982691938735601
4.883333333333333,0.11853419069226234
4.891666666666667,0.11654392470175101
4.9,0.11458773861735883
4.908333333333333,0.11213586487087546
4.916666666666667,0.1104494200826085
4.925,0.10903329163678221
4.933333333333334,0.10724926156281156
4.941666666666666,0.10527365417702628
4.95,0.10368383881995924
4.958333333333333,0.1024078329055933
4.966666666666667,0.1004802790699586
4.975,0.09883152974087794
4.983333333333333,0.09810214421979513
4.991666666666666,0.09697526561765035
5.0,0.09541264352522072
5.008333333333333,0.0941811601722129
5.016666666666667,0.09409705168349469
5.025,0.0928179278648773
5.033333333333333,0.09144927372996414
5.041666666666667,0.09026063575652277
5.05,0.08930911872803526
5.058333333333334,0.08913845224247963
5.066666666666666,0.08778911118390575
5.075,0.08616261995574859
5.083333333333333,0.08448299965143913
5.091666666666667,0.0830611776662975
5.1,0.08152855831998695
5.108333333333333,0.08040054909411687
5.116666666666666,0.07815185078530829
5.125,0.0766288811477771
5.133333333333333,0.07546110688401075
5.141666666666667,0.07410150247919
5.15,0.07154533410009978
5.158333333333333,0.07022522803128872
5.166666666666667,0.06875106804810405
5.175,0.06733679302462003
5.183333333333334,0.06577250359941589
5.191666666666666,0.06455556229350035
5.2,0.0632443228626256
5.208333333333333,0.062093889678980885
5.216666666666667,0.06085579758452986
5.225,0.05998116558211741
5.233333333333333,0.058899308152043695
5.241666666666666,0.0573041064866715
5.25,0.056015878274584985
5.258333333333333,0.05506392152013295
5.266666666666667,0.05460675743524113
5.275,0.05391138659261441
5.283333333333333,0.05365609764305024
5.291666666666667,0.052681757996918765
5.3,0.05235134880786574
5.308333333333334,0.051619831302912145
5.316666666666666,0.051201931957035374
5.325,0.05094743856110173
5.333333333333333,0.05082347487918715
5.341666666666667,0.050339717079137536
5.35,0.049151552806233845
5.358333333333333,0.04909587464409726
5.366666666666666,0.048788987825665986
5.375,0.04829726767641618
5.383333333333333,0.04726873077078264
5.391666666666667,0.04680883539585712
5.4,0.04649612505954481
5.408333333333333,0.045719649038880705
5.416666666666667,0.04533904635857944
5.425,0.04513939750020746
5.433333333333334,0.04468328256072196
5.441666666666666,0.04428646510405576
5.45,0.043287764313207466
5.458333333333333,0.04289264162777373
5.466666666666667,0.0423254682579306
5.475,0.042011442764305684
5.483333333333333,0.04123451717241
5.491666666666666,0.04025909366300162
5.5,0.039267094582531525
5.508333333333333,0.03827545197686888
5.516666666666667,0.03776921842201775
5.525,0.03716969071023546
5.533333333333333,0.03636522631405348
5.541666666666667,0.036161622480495925
5.55,0.0348693878049704
5.558333333333334,0.03436339046892156
5.566666666666666,0.03319212091040624
5.575,0.03286342200716974
5.583333333333333,0.03193143258014741
5.591666666666667,0.03139093852771402
5.6,0.030262940589412812
5.608333333333333,0.02886654854720705
5.616666666666666,0.02739939671010161
5.625,0.025945879747163003
5.633333333333333,0.024979859788468284
5.641666666666667,0.023502357728641288
5.65,0.022050113423709217
5.658333333333333,0.02048270971575672
5.666666666666667,0.019990783057668438
5.675,0.018533177458930128
5.683333333333334,0.017516251928273885
5.691666666666666,0.016275566169434486
5.7,0.01511330257409682
5.708333333333333,0.014750872307480067
5.716666666666667,0.013891888804909547
5.725,0.012635312456896974
5.733333333333333,0.012010194471888891
5.741666666666666,0.01098323916387045
5.75,0.009518189575808078
5.758333333333333,0.008458268537145486
5.766666666666667,0.007403319552197862
5.775,0.006803868232758026
5.783333333333333,0.005103267447974291
5.791666666666667,0.004594250346674045
5.8,0.0036736535572186035
5.808333333333334,0.0028250907962641403
5.816666666666666,0.0019466045400200471
5.825,0.000936329843099104
5.833333333333333,0.0008502184818395264
5.841666666666667,-0.00044869466223596
5.85,-0.0009212822269262233
5.858333333333333,-0.002069733725522105
5.866666666666666,-0.002750473845705592
5.875,-0.004173420058711574
5.883333333333333,-0.004889341933307256
5.891666666666667,-0.005917084085413693
5.9,-0.006424962610169449
5.908333333333333,-0.00810434182520725
5.916666666666667,-0.008768185649392746
5.925,-0.009884760736690867
5.933333333333334,-0.011261167343759593
5.941666666666666,-0.01276724166017884
5.95,-0.014050452553721837
5.958333333333333,-0.015052987281846897
5.966666666666667,-0.01664281609965068
5.975,-0.017941697165659853
5.983333333333333,-0.018818868078038564
5.991666666666666,-0.019995661849443125
6.0,-0.021475706118313842
6.008333333333333,-0.022342820741685476
6.016666666666667,-0.022814104134684654
6.025,-0.023249254365194205
6.033333333333333,-0.024469768163572492
6.041666666666667,-0.02545959140023979
6.05,-0.025875800494262302
6.058333333333334,-0.026427507061353883
6.066666666666666,-0.026241458215775837
6.075,-0.026668000660547864
6.083333333333333,-0.027060307506524994
6.091666666666667,-0.02798195035445239
6.1,-0.027864807163014205
6.108333333333333,-0.028436351923411318
6.116666666666666,-0.028483585913108733
6.125,-0.02851907629549333
6.133333333333333,-0.029087671012980265
6.141666666666667,-0.02926318471480338
6.15,-0.029175833926974537
6.158333333333333,-0.02919221596465993
6.166666666666667,-0.029695658580301876
6.175,-0.030064383224644664
6.183333333333334,-0.029947032954526942
6.191666666666666,-0.030108513386402302
6.2,-0.030494503192760147
6.208333333333333,-0.03137532855850056
6.216666666666667,-0.031042560603428915
6.225,-0.030938352169469274
6.233333333333333,-0.031022424578657448
6.241666666666666,-0.031615055528096625
6.25,-0.031898132036049964
6.258333333333333,-0.0322355944292988
6.266666666666667,-0.03177979128953057
6.275,-0.032129585589113274
6.283333333333333,-0.031434412492509334
6.291666666666667,-0.031029206337579773
6.3,-0.03084966887681939
6.308333333333334,-0.030730179598714713
6.316666666666666,-0.03059532873309212
6.325,-0.030485219914085815
6.333333333333333,-0.03097606141781495
6.341666666666667,-0.031412042079700386
6.35,-0.03181350128312643
6.358333333333333,-0.03233022454002443
6.366666666666666,-0.0321640782040834
6.375,-0.03218623718716351
6.383333333333333,-0.03193454535442708
6.391666666666667,-0.03223716650402875
6.4,-0.03223509990729212
6.408333333333333,-0.031944874781842825
6.416666666666667,-0.031282506865815796
6.425,-0.030542205705500036
6.433333333333334,-0.029933809523725263
6.441666666666666,-0.029193014375715864
6.45,-0.02840739276226012
6.458333333333333,-0.027534518786150097
6.466666666666667,-0.026852729928279584
6.475,-0.02625251644392579
6.483333333333333,-0.02595913622165691
6.491666666666666,-0.02545780417238963
6.5,-0.024676922654349287
6.508333333333333,-0.02414275310003
6.516666666666667,-0.02323619387955389
6.5249999999999995,-0.022654265674241225
6.533333333333333,-0.02254376122337276
6.541666666666667,-0.02207874002755983
6.55,-0.02119162709824285
6.558333333333334,-0.0201511284956849
6.566666666666666,-0.018849842242221304
6.575,-0.0180430725126155
6.583333333333333,-0.017208709114381437
6.591666666666667,-0.01598278799472075
6.6,-0.014983593236459147
6.608333333333333,-0.013891226179043592
6.616666666666666,-0.013237884674895506
6.625,-0.01196030389782754
6.633333333333333,-0.010003838052810132
6.641666666666667,-0.008381479894441601
6.6499999999999995,-0.007271285559559804
6.658333333333333,-0.0051840161122025386
6.666666666666667,-0.0039180700467376095
6.675,-0.0016273370249443309
6.683333333333334,-0.0004815398045336927
6.691666666666666,0.0013777263539114237
6.7,0.0019423194985805914
6.708333333333333,0.003832114421943089
6.716666666666667,0.0049837643002890175
6.725,0.00677182028346035
6.733333333333333,0.008091290951611319
6.741666666666666,0.009009397018031606
6.75,0.009905582941120317
6.758333333333333,0.010502752956571992
6.766666666666667,0.011214545227260508
6.7749999999999995,0.012046178315910261
6.783333333333333,0.012657182104993225
6.791666666666667,0.01366778921435663
6.8,0.014200290006793903
6.808333333333334,0.014596365862403093
6.816666666666666,0.015155745999807735
6.825,0.015552153270364188
6.833333333333333,0.01575241559177698
6.841666666666667,0.016374376804074275
6.85,0.01660766718459339
6.858333333333333,0.017261731309889727
6.866666666666666,0.01733714115530005
6.875,0.017125786917524533
6.883333333333333,0.016691357963472875
6.891666666666667,0.01629355613870964
6.8999999999999995,0.016283218536906396
6.908333333333333,0.01667676063783663
6.916666666666667,0.016309201253029038
6.925,0.016071296115900635
6.933333333333334,0.01616044602248512
6.941666666666666,0.015683623066473418
6.95,0.016114594921187386
6.958333333333333,0.016341587792401358
6.966666666666667,0.01589355266749215
6.975,0.016160446895634006
6.983333333333333,0.015386139191997161
6.991666666666666,0.014641433850193675
7.0,0.01373732494165858
7.008333333333333,0.01348016676881425
7.016666666666667,0.01296019106564672
7.0249999999999995,0.01221556986401029
7.033333333333333,0.011642953201149053
7.041666666666667,0.010651806650043616
7.05,0.009833346113986563
7.058333333333334,0.009413657278532828
7.066666666666666,0.008219076521625457
7.075,0.007526120718987839
7.083333333333333,0.0063516731840871365
7.091666666666667,0.0059988538793205315
7.1,0.004812184166146816
7.108333333333333,0.004619085636213605
7.116666666666666,0.0035111946419317253
7.125,0.0028497242633680475
7.133333333333333,0.00154002354459859
7.141666666666667,0.00027937285648027554
7.1499999999999995,-0.0009063087041011331
7.158333333333333,-0.002579392575915107
7.166666666666667,-0.003408243965710156
7.175,-0.005582311337391732
7.183333333333334,-0.006353214415049102
7.191666666666666,-0.008498331893678435
7.2,-0.009579143501570853
7.208333333333333,-0.010375864261426226
7.216666666666667,-0.01135797672358485
7.225,-0.012581320085792491
7.233333333333333,-0.013543225946441195
7.241666666666666,-0.01419750232052519
7.25,-0.015034063016553412
7.258333333333333,-0.015609399404032498
7.266666666666667,-0.016487111670161814
7.2749999999999995,-0.01683233646279325
7.283333333333333,-0.01702172806120139
7.291666666666667,-0.016561896414501787
7.3,-0.016682359954990233
7.308333333333334,-0.017639061060841343
7.316666666666666,-0.018573759984385263
7.325,-0.019023065345895596
7.333333333333333,-0.019891787470279976
7.341666666666667,-0.019845276261937217
7.35,-0.019650468935942245
7.358333333333333,-0.019693419971373194
7.366666666666666,-0.019217176304362815
7.375,-0.019672225640305685
7.383333333333333,-0.020492282512291182
7.391666666666667,-0.021364450781933386
7.3999999999999995,-0.021977965347746542
7.408333333333333,-0.023252400196217327
7.416666666666667,-0.022391169130955957
7.425,-0.023429999453140837
7.433333333333334,-0.02271708011369855
7.441666666666666,-0.02466758585873241
7.45,-0.025244514503281912
7.458333333333333,-0.027050421293857263
7.466666666666667,-0.02779996518528627
7.475,-0.02779949547953875
7.483333333333333,-0.02831378004490359
7.491666666666666,-0.02845697595988017
7.5,-0.028265758614801184
7.508333333333333,-0.02993335181364809
7.516666666666667,-0.031201586183788432
7.5249999999999995,-0.03265150273453932
7.533333333333333,-0.03503485081206614
7.541666666666667,-0.03637400856325179
7.55,-0.03660407556260181
7.558333333333334,-0.03675138658847854
7.566666666666666,-0.03754684389112328
7.575,-0.038793278681345744
7.583333333333333,-0.03998135650140222
7.591666666666667,-0.04169874383569283
7.6,-0.04207173843125134
7.608333333333333,-0.04255758459803172
7.616666666666666,-0.04311569598394294
7.625,-0.0443709099703804
7.633333333333333,-0.04516664536942483
7.641666666666667,-0.04595053166967855
7.6499999999999995,-0.047507119120316244
7.658333333333333,-0.04846328616469109
7.666666666666667,-0.04929609370715282
7.675,-0.05075143346513278
7.683333333333334,-0.052113464486819305
7.691666666666666,-0.05333837667990016
7.7,-0.05456968507222704
7.708333333333333,-0.0555116180268046
7.716666666666667,-0.05669566977728868
7.725,-0.057615318365203616
7.733333333333333,-0.0595068961230778
7.741666666666666,-0.0608971037852617
7.75,-0.06176015763150011
7.758333333333333,-0.06274391283364511
7.766666666666667,-0.061877584423496
7.7749999999999995,-0.06412820271366049
7.783333333333333,-0.06471286523043707
7.791666666666667,-0.06601775893509854
7.8,-0.06776004773697619
7.808333333333334,-0.06855585299218614
7.816666666666666,-0.0694886789171677
7.825,-0.07031678813905662
7.833333333333333,-0.0703610128374409
7.841666666666667,-0.07111871317500085
7.85,-0.07098415032422134
7.858333333333333,-0.07128119938497457
7.866666666666666,-0.07129742178782295
7.875,-0.07098364428275872
7.883333333333333,-0.07058062729780312
7.891666666666667,-0.06966598464392482
7.8999999999999995,-0.06916932911485885
7.908333333333333,-0.06855222668258765
7.916666666666667,-0.0679136573943393
7.925,-0.06744357803685641
7.933333333333334,-0.0672097015431048
7.941666666666666,-0.0676558141678677
7.95,-0.06815895598121136
7.958333333333333,-0.06885942731869343
7.966666666666667,-0.06890943674146788
7.975,-0.06916266342684951
7.983333333333333,-0.07000645705786357
7.991666666666666,-0.07057902654653492
8.0,-0.07011344506623174
8.008333333333333,-0.07106323123797653
8.016666666666666,-0.06998689341551168
8.025,-0.07110790645800624
8.033333333333333,-0.07088956117091694
8.041666666666666,-0.0708734093016713
8.05,-0.07086126443993113
8.058333333333334,-0.07103720437144956
8.066666666666666,-0.07052808415221745
8.075,-0.07096494900129657
8.083333333333334,-0.0710149726762711
8.091666666666667,-0.07051418005239274
8.1,-0.07059445490853367
8.108333333333333,-0.07007476375206223
8.116666666666667,-0.06958463558150352
8.125,-0.06859136775937269
8.133333333333333,-0.0674397248812143
8.141666666666666,-0.06659188270402439
8.15,-0.06550298796965426
8.158333333333333,-0.06491451752992272
8.166666666666666,-0.0643368527169168
8.175,-0.06333900918950808
8.183333333333334,-0.06178448946933013
8.191666666666666,-0.06121626055664342
8.2,-0.06033684126605521
8.208333333333334,-0.05972867494772027
8.216666666666667,-0.058941368589391474
8.225,-0.05881852144910216
8.233333333333333,-0.058602435815251486
8.241666666666667,-0.058795779913435986
8.25,-0.058663366687883745
8.258333333333333,-0.05934923866807473
8.266666666666666,-0.058796053860505904
8.275,-0.05942267642892485
8.283333333333333,-0.05970940650084677
8.291666666666666,-0.06015098316525591
8.3,-0.060587261211337284
8.308333333333334,-0.061578652589291405
8.316666666666666,-0.06192390575782647
8.325,-0.06177304785274518
8.333333333333334,-0.06238300172469646
8.341666666666667,-0.06300475223181923
8.35,-0.06348333428569186
8.358333333333333,-0.06331271190813004
8.366666666666667,-0.06295812266502576
8.375,-0.06267519659661103
8.383333333333333,-0.06266028135223045
8.391666666666666,-0.0628474614664285
8.4,-0.0625895734749975
8.408333333333333,-0.06175428457998633
8.416666666666666,-0.061160849835645736
8.425,-0.061033893982955334
8.433333333333334,-0.06072119689852529
8.441666666666666,-0.05995961873634503
8.45,-0.06017630189082457
8.458333333333334,-0.06048335567802865
8.466666666666667,-0.06070483013655892
8.475,-0.061301907568026115
8.483333333333333,-0.06131928781817131
8.491666666666667,-0.06203975618389668
8.5,-0.06339706116581123
8.508333333333333,-0.06413174488710482
8.516666666666666,-0.06417054353200213
8.525,-0.06451236261353277
8.533333333333333,-0.0655304769235815
8.541666666666666,-0.0663495981627833
8.55,-0.06741852948263038
8.558333333333334,-0.06849988902338322
8.566666666666666,-0.06977570602743732
8.575,-0.07096353791268295
8.583333333333334,-0.07279571148230446
8.591666666666667,-0.07414806695870768
8.6,-0.07465019712673537
8.608333333333333,-0.07569308010962283
8.616666666666667,-0.07630646433479649
8.625,-0.07741147317054742
8.633333333333333,-0.07778575448095948
8.641666666666666,-0.0779960225963181
8.65,-0.07879366755692607
8.658333333333333,-0.08062902212390266
8.666666666666666,-0.08199701665139802
8.675,-0.08313696105351787
8.683333333333334,-0.08425519749969224
8.691666666666666,-0.08449945117315505
8.7,-0.08593779609793684
8.708333333333334,-0.0875107870013846
8.716666666666667,-0.08799881608653726
8.725,-0.0889036874176592
8.733333333333333,-0.09046484791924436
8.741666666666667,-0.09167257160627429
8.75,-0.0932002982836404
8.758333333333333,-0.09488906595216662
8.766666666666666,-0.09549088035839648
8.775,-0.09547072143031388
8.783333333333333,-0.09646934208344893
8.791666666666666,-0.09708710683290689
8.8,-0.09772508417968906
8.808333333333334,-0.09763542227454813
8.816666666666666,-0.09873287015266141
8.825,-0.0989879388195628
8.833333333333334,-0.09934690055693596
8.841666666666667,-0.10113540928070208
8.85,-0.10083181189959767
8.858333333333333,-0.10102702750904413
8.866666666666667,-0.10084597991046762
8.875,-0.10025496563893177
8.883333333333333,-0.10071177599935821
8.891666666666666,-0.1011214064292214
8.9,-0.10100048694441655
8.908333333333333,-0.10255089605906087
8.916666666666666,-0.10381711716017306
8.925,-0.10407479657615015
8.933333333333334,-0.10528657500425997
8.941666666666666,-0.10596088837788364
8.95,-0.10658419841489564
8.958333333333334,-0.10755502508483605
8.966666666666667,-0.10859875393713936
8.975,-0.1104161745144755
8.983333333333333,-0.1117602284114978
8.991666666666667,-0.11217605329858238
9.0,-0.11254548850246937
9.008333333333333,-0.11354047369268683
9.016666666666666,-0.11367729240692426
9.025,-0.11446974557204936
9.033333333333333,-0.1155412969536882
9.041666666666666,-0.11695859635908612
9.05,-0.11892306749462722
9.058333333333334,-0.12035705644980488
9.066666666666666,-0.12255427734059443
9.075,-0.12489866262497706
9.083333333333334,-0.1269232446756503
9.091666666666667,-0.12889475463286015
9.1,-0.1310371825018547
9.108333333333333,-0.13292890343330266
9.116666666666667,-0.13491559019734
9.125,-0.13679157996035296
9.133333333333333,-0.13796428096201385
9.141666666666666,-0.14026071601349377
9.15,-0.14211232901363047
9.158333333333333,-0.14414589877813622
9.166666666666666,-0.1453300010290257
9.175,-0.14731997592419221
9.183333333333334,-0.14912913665853078
9.191666666666666,-0.15122067049491372
9.2,-0.15267188890892258
9.208333333333334,-0.1541918437178711
9.216666666666667,-0.15542348840646247
9.225,-0.15604227907154666
9.233333333333333,-0.15644920859790912
9.241666666666667,-0.15641795426806027
9.25,-0.15726414680817824
9.258333333333333,-0.15828126592379788
9.266666666666666,-0.15968050222495256
9.275,-0.1614626449335711
9.283333333333333,-0.16329344197246187
9.291666666666666,-0.16493371481663355
9.3,-0.16713308481662736
9.308333333333334,-0.16900655280186083
9.316666666666666,-0.1709065669031662
9.325,-0.17262371792439535
9.333333333333334,-0.173696694816165
9.341666666666667,-0.17581793369019938
9.35,-0.17771683633955493
9.358333333333333,-0.17965324894440027
9.366666666666667,-0.1812457192900211
9.375,-0.1838865118004016
9.383333333333333,-0.18662597591628904
9.391666666666666,-0.1889582607248821
9.4,-0.19103885844875934
9.408333333333333,-0.19396597485224576
9.416666666666666,-0.1964493618601839
9.425,-0.19768217433846735
9.433333333333334,-0.19970836113496426
9.441666666666666,-0.20143151548351967
9.45,-0.20331253483466527
9.458333333333334,-0.2046743086320112
9.466666666666667,-0.20617278411508055
9.475,-0.20784450656345954
9.483333333333333,-0.20980167374000247
9.491666666666667,-0.2118504920437997
9.5,-0.21432063111941202
9.508333333333333,-0.21663970405308142
9.516666666666666,-0.21843824732826156
9.525,-0.22031863300373333
9.533333333333333,-0.22196293168933423
9.541666666666666,-0.22271724620225286
9.55,-0.22366594979452525
9.558333333333334,-0.22479403621574245
9.566666666666666,-0.22555387969356933
9.575,-0.2268817472395026
9.583333333333334,-0.22795987600756984
9.591666666666667,-0.2283816782933631
9.6,-0.22951088250855067
9.608333333333333,-0.2307947977716004
9.616666666666667,-0.23227542422673886
9.625,-0.23322187709919384
9.633333333333333,-0.23404702355616658
9.641666666666666,-0.23580159434923553
9.65,-0.23761514944152218
9.658333333333333,-0.23890866817799006
9.666666666666666,-0.24142881222821977
9.675,-0.24367784319410224
9.683333333333334,-0.24574765743052174
9.691666666666666,-0.2477956478050003
9.7,-0.24982340236680423
9.708333333333334,-0.252167502900733
9.716666666666667,-0.2537768871856221
9.725,-0.25611230320380574
9.733333333333333,-0.2590406466672889
9.741666666666667,-0.2621866766860963
9.75,-0.26475852497107344
9.758333333333333,-0.2667194872452866
9.766666666666666,-0.26909278223608
9.775,-0.2706599544015976
9.783333333333333,-0.27325279121717627
9.791666666666666,-0.2744908823237504
9.8,-0.27795621294931816
9.808333333333334,-0.2802022776148334
9.816666666666666,-0.28178478905617765
9.825,-0.28363190947831174
9.833333333333334,-0.28480531873963233
9.841666666666667,-0.2852160787349506
9.85,-0.2872648016591183
9.858333333333333,-0.28735410657423377
9.866666666666667,-0.2876586787058968
9.875,-0.2884992392987453
9.883333333333333,-0.2886747427082501
9.891666666666666,-0.28968034432117673
9.9,-0.2899140533701884
9.908333333333333,-0.2902538487487031
9.916666666666666,-0.29003283191252116
9.925,-0.29075740000895034
9.933333333333334,-0.2908805896196507
9.941666666666666,-0.2908632005137186
9.95,-0.29218766147191755
9.958333333333334,-0.2944190832104532
9.966666666666667,-0.29647634699623615
9.975,-0.2976750127361797
9.983333333333333,-0.2988488517441227
9.991666666666667,-0.3011549030501126
10.0,-0.30385913534868325
10.008333333333333,-0.30510278148334036
10.016666666666666,-0.30570918993327467
10.025,-0.30679718499381736
10.033333333333333,-0.30885325262112406
10.041666666666666,-0.31073321464992076
10.05,-0.3107427670065521
10.058333333333334,-0.3125579190175456
10.066666666666666,-0.3129093162733886
10.075,-0.31251881625213973
10.083333333333334,-0.3119789523488954
10.091666666666667,-0.3119360740698036
10.1,-0.3107370394497543
10.108333333333333,-0.3102142185043054
10.116666666666667,-0.3101970180143109
10.125,-0.30916147766292745
10.133333333333333,-0.3088313772905794
10.141666666666666,-0.30843417509116267
10.15,-0.30905984437101663
10.158333333333333,-0.3091802538918552
10.166666666666666,-0.30865625534554086
10.175,-0.30852205570050883
10.183333333333334,-0.30900167895556474
10.191666666666666,-0.3087901199552243
10.2,-0.30887230599374726
10.208333333333334,-0.3078405915126954
10.216666666666667,-0.3071176919862397
10.225,-0.3068100844787406
10.233333333333333,-0.3068801418367413
10.241666666666667,-0.30709946438652636
10.25,-0.3060724088062352
10.258333333333333,-0.30497941023877695
10.266666666666666,-0.3052314857692573
10.275,-0.30450165594263534
10.283333333333333,-0.30339822250320014
10.291666666666666,-0.3030820192798833
10.3,-0.30298713993784565
10.308333333333334,-0.3019939904176141
10.316666666666666,-0.30195890679565607
10.325,-0.30053844635706384
10.333333333333334,-0.29990509292080536
10.341666666666667,-0.2993467015269813
10.35,-0.29959655103150606
10.358333333333333,-0.2992737613326105
10.366666666666667,-0.2999590575768919
10.375,-0.30082588996916393
10.383333333333333,-0.3012856762464423
10.391666666666666,-0.30241449869503
10.4,-0.30296959116456146
10.408333333333333,-0.3053779523272515
10.416666666666666,-0.3073616416859405
10.425,-0.3111990200715232
10.433333333333334,-0.3134130200366485
10.441666666666666,-0.31518072497179683
10.45,-0.31787234392396446
10.458333333333334,-0.32108180665239094
10.466666666666667,-0.3229048661090901
10.475,-0.3262515070842029
10.483333333333333,-0.33109515737979445
10.491666666666667,-0.33343463598890133
10.5,-0.33554900812787614
10.508333333333333,-0.33894121419149503
10.516666666666666,-0.3408966019582709
10.525,-0.3429615420946065
10.533333333333333,-0.34382622754023817
10.541666666666666,-0.3446046416756522
10.55,-0.34654520125707466
10.558333333333334,-0.34899076872746304
10.566666666666666,-0.35154681355859974
10.575,-0.35375839131062425
10.583333333333334,-0.35642528442192045
10.591666666666667,-0.358398285323283
10.6,-0.35890710097125655
10.608333333333333,-0.36044489617071973
10.616666666666667,-0.36338814830747956
10.625,-0.36603284634329547
10.633333333333333,-0.3683765145258582
10.641666666666666,-0.3718155123664263
10.65,-0.37441551921804084
10.658333333333333,-0.3748250194318731
10.666666666666666,-0.3740402647340545
10.675,-0.3716807878140842
10.683333333333334,-0.3707495671494343
10.691666666666666,-0.36983870757660575
10.7,-0.36757593005982137
10.708333333333334,-0.36508971642198296
10.716666666666667,-0.3648771448742427
10.725,-0.3632369678801678
10.733333333333333,-0.3596781649867419
10.741666666666667,-0.3571682005231155
10.75,-0.3537461559846822
10.758333333333333,-0.35068935381367905
10.766666666666666,-0.349642171895322
10.775,-0.34753363662381875
10.783333333333333,-0.3442706068615292
10.791666666666666,-0.342756046660615
10.8,-0.3410851405779405
10.808333333333334,-0.33974392987922486
10.816666666666666,-0.33783463420625715
10.825,-0.3361434330266847
10.833333333333334,-0.33366455462409783
10.841666666666667,-0.33148350898039813
10.85,-0.33010083015165714
10.858333333333333,-0.3296770801703952
10.866666666666667,-0.32900215634260654
10.875,-0.32793633729289584
10.883333333333333,-0.32687062139212475
10.891666666666666,-0.32546081880349875
10.9,-0.3260169905581676
10.908333333333333,-0.3266720704301609
10.916666666666666,-0.32793837346954646
10.925,-0.32894722892286477
10.933333333333334,-0.32871052298048264
10.941666666666666,-0.32784071320213637
10.95,-0.32716608201789976
10.958333333333334,-0.3255148416830983
10.966666666666667,-0.3218083775051137
10.975,-0.3211954775617406
10.983333333333333,-0.3183852687829076
10.991666666666667,-0.318911496652312
11.0,-0.31978955424118316
11.008333333333333,-0.3202583492126445
11.016666666666666,-0.31994951780922865
11.025,-0.3198813788658711
11.033333333333333,-0.31969459089739627
11.041666666666666,-0.3198033925506042
11.05,-0.3210214158014927
11.058333333333334,-0.3217996788016665
11.066666666666666,-0.32370657470423936
11.075,-0.32646156762070466
11.083333333333334,-0.33001161795677847
11.091666666666667,-0.3312199117953928
11.1,-0.33355077259793786
11.108333333333333,-0.3348535817988221
11.116666666666667,-0.33471543314431307
11.125,-0.33498878345076366
11.133333333333333,-0.33558612918211805
11.141666666666666,-0.33939394383235255
11.15,-0.34196380995592435
11.158333333333333,-0.34491952453876007
11.166666666666666,-0.34605756879356353
11.175,-0.3480963280753502
11.183333333333334,-0.34941110587867974
11.191666666666666,-0.35018526332707234
11.2,-0.3501515649068975
11.208333333333334,-0.35175123005865083
11.216666666666667,-0.3548732537627005
11.225,-0.35532993321493134
11.233333333333333,-0.3599859704911297
11.241666666666667,-0.35801831649717464
11.25,-0.35221642810747233
11.258333333333333,-0.3489963207400567
11.266666666666666,-0.34807488172575485
11.275,-0.3443120866107222
11.283333333333333,-0.34980144770103605
11.291666666666666,-0.3558201934275844
11.3,-0.3611032564384711
11.308333333333334,-0.3649204328165906
11.316666666666666,-0.3707476927801585
11.325,-0.37026665966142724
11.333333333333334,-0.3657414553454189
11.341666666666667,-0.36728818404915575
11.35,-0.36132775504765
11.358333333333333,-0.3559876509070171
11.366666666666667,-0.3510357063809101
11.375,-0.35308565385694324
11.383333333333333,-0.3571561286261544
11.391666666666666,-0.3560679980531636
11.4,-0.3580017415432891
11.408333333333333,-0.37633129523488373
11.416666666666666,-0.3851910820571218
11.425,-0.3952401638815316
11.433333333333334,-0.3943861609655228
11.441666666666666,-0.39099836624174
11.45,-0.3914104864237983
11.458333333333334,-0.3966256208643031
11.466666666666667,-0.39788907777810545
11.475,-0.39901909992975604
11.483333333333333,-0.39994665202824975
11.491666666666667,-0.3999999999999999
