lag_frame[sec],MSD_[px^2]
0.008333333333333333,0.712330295942528
0.016666666666666666,1.1919441300019031
0.025,1.6515241363652093
0.03333333333333333,2.0951088590138918
0.041666666666666664,2.527375945997717
0.05,2.951554917731117
0.058333333333333334,3.3615360980331146
0.06666666666666667,3.7710968032200376
0.075,4.166993727777515
0.08333333333333333,4.552317892059775
0.09166666666666666,4.927733434374869
0.1,5.304532001373306
0.10833333333333334,5.676692796581266
0.11666666666666667,6.042346190200202
0.125,6.406294397226527
0.13333333333333333,6.765414607384415
0.14166666666666666,7.125750571298093
0.15,7.483985638714494
0.15833333333333333,7.8354850506079865
0.16666666666666666,8.179939912440249
0.175,8.525288574828947
0.18333333333333332,8.868758641445702
0.19166666666666665,9.203929620396227
0.2,9.544596313672171
0.20833333333333334,9.881255169800937
0.21666666666666667,10.216664396386374
0.225,10.550506006736018
0.23333333333333334,10.876048169287946
0.24166666666666667,11.194515663046946
0.25,11.517909105263525
0.2583333333333333,11.844808188736652
0.26666666666666666,12.170364511053648
0.275,12.485780689359766
0.2833333333333333,12.793721955620585
0.2916666666666667,13.109537328682952
0.3,13.430579945218499
0.30833333333333335,13.740981232944865
0.31666666666666665,14.044971790582286
0.325,14.357430643526138
0.3333333333333333,14.65799378609003
0.3416666666666667,14.961084128164066
0.35,15.258127562141635
0.35833333333333334,15.548922445412682
0.36666666666666664,15.841849332513135
0.375,16.138563978595347
0.3833333333333333,16.4279210185793
0.39166666666666666,16.717481320732187
0.4,17.010403418799193
0.4083333333333333,17.305636164285048
0.4166666666666667,17.59867501794293
0.425,17.877562285476955
0.43333333333333335,18.157928888526254
0.44166666666666665,18.4419871159973
0.45,18.726775098213388
0.4583333333333333,19.0097991387639
0.4666666666666667,19.288783303394695
0.475,19.57160832475345
0.48333333333333334,19.843492926330782
0.49166666666666664,20.12499150127944
0.5,20.3945209035413
0.5083333333333333,20.665877455065452
0.5166666666666666,20.942663803352186
0.525,21.221924007730376
0.5333333333333333,21.49536743505918
0.5416666666666666,21.765332799557708
0.55,22.03370563183514
0.5583333333333333,22.301839463485294
0.5666666666666667,22.574432768868878
0.575,22.847428456367446
0.5833333333333334,23.11742379783225
0.5916666666666667,23.38467297469542
0.6,23.654346471089458
0.6083333333333333,23.920164536174518
0.6166666666666667,24.18599151390989
0.625,24.44667924804181
0.6333333333333333,24.714127108008523
0.6416666666666666,24.96859073257346
0.65,25.226095076021846
0.6583333333333333,25.49031131709747
0.6666666666666666,25.753867121891712
0.675,26.007475514356504
0.6833333333333333,26.267090652364057
0.6916666666666667,26.524069304245103
0.7,26.780990800053694
0.7083333333333334,27.041500525937472
0.7166666666666667,27.29602003115071
0.725,27.564036119823847
0.7333333333333333,27.818757985626853
0.7416666666666667,28.076297537108115
0.75,28.34399405733988
0.7583333333333333,28.60045202414005
0.7666666666666666,28.856704959104956
0.775,29.11823260635829
0.7833333333333333,29.379448093361667
0.7916666666666666,29.637675123712935
0.8,29.90241442443208
0.8083333333333333,30.147350399811828
0.8166666666666667,30.410352217723645
0.825,30.654449937278194
0.8333333333333334,30.901389435081956
0.8416666666666667,31.151457885930807
0.85,31.39889256185773
0.8583333333333333,31.658590438988444
0.8666666666666667,31.909226717562806
0.875,32.16165735514624
0.8833333333333333,32.40626599424332
0.8916666666666666,32.66561799264916
0.9,32.90397697874598
0.9083333333333333,33.14317114809154
0.9166666666666666,33.39436978512749
0.9249999999999999,33.64121980408369
0.9333333333333333,33.899299187800224
0.9416666666666667,34.148256362132706
0.95,34.39351485509588
0.9583333333333334,34.642747560116995
0.9666666666666667,34.90174323767494
0.975,35.15046830194556
0.9833333333333333,35.40435800186403
0.9916666666666667,35.65823907485133
1.0,35.90900153679635
1.0083333333333333,36.163910149871654
1.0166666666666666,36.407950371087466
1.025,36.66203518559536
1.0333333333333332,36.90679554990844
1.0416666666666667,37.14808497507392
1.05,37.40196056630758
1.0583333333333333,37.647640728942946
1.0666666666666667,37.88030677566834
1.075,38.12773224423993
1.0833333333333333,38.366836853600304
1.0916666666666666,38.62205492204781
1.1,38.86514413048307
1.1083333333333334,39.120136355943465
1.1166666666666667,39.36218403960924
1.125,39.605758233301756
1.1333333333333333,39.852209614717275
1.1416666666666666,40.10207850170322
1.15,40.35677911927546
1.1583333333333332,40.602431012491145
1.1666666666666667,40.85822196928737
1.175,41.11062577195171
1.1833333333333333,41.34898286507234
1.1916666666666667,41.596456426901206
1.2,41.85267472272866
1.2083333333333333,42.10229191739662
1.2166666666666666,42.339611564262306
1.225,42.58949055540696
1.2333333333333334,42.84538930238753
1.2416666666666667,43.089238386196186
1.25,43.319343758114286
1.2583333333333333,43.565815217491156
1.2666666666666666,43.80721350530483
1.275,44.05324712298463
1.2833333333333332,44.304052865867185
1.2916666666666667,44.55261186896245
1.3,44.78932460291941
1.3083333333333333,45.04808144973386
1.3166666666666667,45.287786115893326
1.325,45.55592451606881
1.3333333333333333,45.792018865267586
1.3416666666666666,46.02548347317159
1.35,46.268048982186244
1.3583333333333334,46.51332305199012
1.3666666666666667,46.76485133242614
1.375,47.00008867232809
1.3833333333333333,47.241542520461856
1.3916666666666666,47.48590602430924
1.4,47.74536849004832
1.4083333333333332,47.97812941815517
1.4166666666666667,48.21025299690135
1.425,48.459416993840904
1.4333333333333333,48.67644020539665
1.4416666666666667,48.93243526465127
1.45,49.177922207824395
1.4583333333333333,49.42828618754714
1.4666666666666666,49.676773832681775
1.475,49.911502278976876
1.4833333333333334,50.17518826326134
1.4916666666666667,50.41488412085668
1.5,50.66103122528734
1.5083333333333333,50.902303145652766
1.5166666666666666,51.155098038227536
1.525,51.40713602122539
1.5333333333333332,51.645191010474846
1.5416666666666667,51.89941048281742
1.55,52.13948952215145
1.5583333333333333,52.3804620424924
1.5666666666666667,52.62947691948999
1.575,52.87290648881972
1.5833333333333333,53.11347046074829
1.5916666666666666,53.3525886439607
1.6,53.59119173443393
1.6083333333333334,53.840542227955744
1.6166666666666667,54.0777060320039
1.625,54.32882037087203
1.6333333333333333,54.570192085558034
1.6416666666666666,54.821677060712254
1.65,55.06741507433997
1.6583333333333332,55.3066192395507
1.6666666666666667,55.56622503112265
1.675,55.81147610497187
1.6833333333333333,56.0551892595561
1.6916666666666667,56.30509074468903
1.7,56.54916450684302
1.7083333333333333,56.786555432014815
1.7166666666666666,57.04507402933613
1.7249999999999999,57.29270386539172
1.7333333333333334,57.529254822171836
1.7416666666666667,57.77147526271869
1.75,58.005448565263436
1.7583333333333333,58.25486817399722
1.7666666666666666,58.50667486215646
1.775,58.76087277323407
1.7833333333333332,59.01443736612039
1.7916666666666667,59.270094688730424
1.8,59.52944415676504
1.8083333333333333,59.771741398324416
1.8166666666666667,60.04339435734158
1.825,60.31521213520425
1.8333333333333333,60.583073833545114
1.8416666666666666,60.84630330002626
1.8499999999999999,61.09363032204239
1.8583333333333334,61.35327341688032
1.8666666666666667,61.615444470333436
1.875,61.86857922797266
1.8833333333333333,62.146058563591716
1.8916666666666666,62.41693077366369
1.9,62.67550703862805
1.9083333333333332,62.93899807476236
1.9166666666666667,63.20638401133352
1.925,63.46860869892608
1.9333333333333333,63.73987792206351
1.9416666666666667,63.9935425522666
1.95,64.25882899292058
1.9583333333333333,64.53131010535297
1.9666666666666666,64.79472421040013
1.9749999999999999,65.05085944736066
1.9833333333333334,65.30640705535181
1.9916666666666667,65.55429939160423
2.0,65.81625980895171
2.0083333333333333,66.0660200221443
2.0166666666666666,66.33895108133007
2.025,66.60224423924446
2.033333333333333,66.8595442121368
2.0416666666666665,67.11107078467322
2.05,67.3783255794621
2.058333333333333,67.64750256060597
2.0666666666666664,67.91109300629063
2.075,68.18299733245512
2.0833333333333335,68.4347547424531
2.091666666666667,68.69619271755741
2.1,68.9582524393428
2.1083333333333334,69.20937595125035
2.1166666666666667,69.44562172791392
2.125,69.69711946364603
2.1333333333333333,69.93821966890374
2.1416666666666666,70.17510264433731
2.15,70.41338654214876
2.158333333333333,70.65960666344246
2.1666666666666665,70.90436757136455
2.175,71.13087362030863
2.183333333333333,71.36423838816232
2.1916666666666664,71.60195865990293
2.2,71.84984524825947
2.2083333333333335,72.07988093631728
2.216666666666667,72.32498024884724
2.225,72.56329737554225
2.2333333333333334,72.8207010547602
2.2416666666666667,73.06926085597418
2.25,73.323398588735
2.2583333333333333,73.59007148665758
2.2666666666666666,73.82474678304479
2.275,74.05961072569386
2.283333333333333,74.29278231549453
2.2916666666666665,74.55626482984962
2.3,74.78928951627115
2.308333333333333,75.06316270705693
2.3166666666666664,75.29622692114148
2.325,75.54517400077619
2.3333333333333335,75.78434291789904
2.341666666666667,76.01939570575752
2.35,76.25027147671227
2.3583333333333334,76.50468006941647
2.3666666666666667,76.74300279772505
2.375,77.00061603085587
2.3833333333333333,77.23144434527725
2.3916666666666666,77.48597453511182
2.4,77.74559185911323
2.408333333333333,77.99403457811654
2.4166666666666665,78.22419582918823
2.425,78.47117776071991
2.433333333333333,78.70664179824051
2.4416666666666664,78.93912144754957
2.45,79.1912254766406
2.4583333333333335,79.4353441139946
2.466666666666667,79.6604661051322
2.475,79.89683178782641
2.4833333333333334,80.12301769111028
2.4916666666666667,80.36553257433273
2.5,80.60674947813787
2.5083333333333333,80.85013442985985
2.5166666666666666,81.08690635063007
2.525,81.32476943563046
2.533333333333333,81.54605489775261
2.5416666666666665,81.79110480381766
2.55,81.99675052025654
2.558333333333333,82.24317954815045
2.5666666666666664,82.45698311460865
2.575,82.67421853395423
2.5833333333333335,82.88867561450681
2.591666666666667,83.14122884070619
2.6,83.35443136916167
2.6083333333333334,83.59776928717422
2.6166666666666667,83.81037587852934
2.625,84.05970750480085
2.6333333333333333,84.28366112407919
2.6416666666666666,84.50275930874592
2.65,84.72314341628835
2.658333333333333,84.96904074293313
2.6666666666666665,85.17194018779473
2.675,85.36951719802744
2.683333333333333,85.57984921489395
2.6916666666666664,85.77479133188078
2.7,85.99952573991897
2.7083333333333335,86.23350849523014
2.716666666666667,86.43609653660761
2.725,86.63751076265424
2.7333333333333334,86.85029784645508
2.7416666666666667,87.06937078765252
2.75,87.28882255525328
2.7583333333333333,87.49100817380975
2.7666666666666666,87.71477125961303
2.775,87.96536537312839
2.783333333333333,88.18388233766652
2.7916666666666665,88.38664014833753
2.8,88.63523034428603
2.808333333333333,88.85575672248484
2.8166666666666664,89.07305453813845
2.825,89.28563634771992
2.8333333333333335,89.50603552495862
2.841666666666667,89.70308022018216
2.85,89.91388336187595
2.8583333333333334,90.13851666256073
2.8666666666666667,90.35889656978065
2.875,90.5857117884366
2.8833333333333333,90.78986586637622
2.8916666666666666,90.99029670327056
2.9,91.22527927264974
2.908333333333333,91.44085574982378
2.9166666666666665,91.66344711156178
2.925,91.88139656237063
2.933333333333333,92.09833515781732
2.9416666666666664,92.3284192903909
2.95,92.54838838288183
2.9583333333333335,92.7416638081723
2.966666666666667,92.98197610247423
2.975,93.2225530651815
2.9833333333333334,93.44882822623543
2.9916666666666667,93.65031091995388
3.0,93.85175895850173
3.0083333333333333,94.05325367264375
3.0166666666666666,94.28050913142353
3.025,94.50150630449885
3.033333333333333,94.7285221189241
3.0416666666666665,94.93571603495931
3.05,95.18435871383154
3.058333333333333,95.42847589495334
3.0666666666666664,95.65123409146146
3.075,95.91198554136604
3.0833333333333335,96.12665825328028
3.091666666666667,96.35456245344943
3.1,96.59989429359963
3.1083333333333334,96.83408914856598
3.1166666666666667,97.07545261291885
3.125,97.29983385243703
3.1333333333333333,97.5341297236478
3.1416666666666666,97.74987044823162
3.15,97.97281295345422
3.158333333333333,98.20298374584137
3.1666666666666665,98.414769076181
3.175,98.67499577487592
3.183333333333333,98.9256703305766
3.1916666666666664,99.17841170933912
3.2,99.40457867557247
3.2083333333333335,99.61374249777575
3.216666666666667,99.8502841947385
3.225,100.07278948445743
3.2333333333333334,100.28763718045234
3.2416666666666667,100.51243334203616
3.25,100.74891507463117
3.2583333333333333,100.97127993806885
3.2666666666666666,101.194200107661
3.275,101.42287263078101
3.283333333333333,101.62618394535376
3.2916666666666665,101.85421587549969
3.3,102.08872059298457
3.308333333333333,102.3077767003089
3.3166666666666664,102.53422551719389
3.3249999999999997,102.77208216251775
3.3333333333333335,102.9999724026225
3.341666666666667,103.21106535536724
3.35,103.45561935444634
3.3583333333333334,103.65931033254226
3.3666666666666667,103.88652243991999
3.375,104.1143298091971
3.3833333333333333,104.31073773548532
3.3916666666666666,104.54237878934045
3.4,104.75444250093803
3.408333333333333,104.99623707533291
3.4166666666666665,105.22315344308367
3.425,105.43958186368071
3.433333333333333,105.63755004772996
3.4416666666666664,105.85749275313141
3.4499999999999997,106.09988723961693
3.4583333333333335,106.31695928072469
3.466666666666667,106.52273872315249
3.475,106.74944037055063
3.4833333333333334,106.95042778215084
3.4916666666666667,107.17370571063452
3.5,107.40467045858477
3.5083333333333333,107.61415867091422
3.5166666666666666,107.80892709718792
3.525,108.02471621887045
3.533333333333333,108.22560767498503
3.5416666666666665,108.45957737673025
3.55,108.6808588234751
3.558333333333333,108.90883986608961
3.5666666666666664,109.1265073943196
3.5749999999999997,109.3368437224388
3.5833333333333335,109.56030879158605
3.591666666666667,109.76050032788194
3.6,109.97805352701447
3.6083333333333334,110.19273079555423
3.6166666666666667,110.4098375732679
3.625,110.63592694324696
3.6333333333333333,110.8429690084135
3.6416666666666666,111.07741628204303
3.65,111.2941563479542
3.658333333333333,111.50149257648478
3.6666666666666665,111.69840770588596
3.675,111.93882565048666
3.683333333333333,112.13357770411272
3.6916666666666664,112.35016157753985
3.6999999999999997,112.56273444715832
3.7083333333333335,112.76523463734623
3.716666666666667,112.95593329725702
3.725,113.1628063814538
3.7333333333333334,113.35150682386029
3.7416666666666667,113.5511434639813
3.75,113.74349740621774
3.7583333333333333,113.92694103742053
3.7666666666666666,114.10813448549739
3.775,114.29495468792989
3.783333333333333,114.48712243544219
3.7916666666666665,114.65782429228416
3.8,114.84001677407991
3.808333333333333,115.00862185801192
3.8166666666666664,115.19255961254042
3.8249999999999997,115.37432731675185
3.8333333333333335,115.55628400789244
3.841666666666667,115.75760451949269
3.85,115.95503041187314
3.8583333333333334,116.17610799495704
3.8666666666666667,116.37592310154658
3.875,116.57971224571891
3.8833333333333333,116.77497656679644
3.8916666666666666,116.98043425561355
3.9,117.1869198828487
3.908333333333333,117.39607990121841
3.9166666666666665,117.60219644951366
3.925,117.81034558287466
3.933333333333333,118.03285119822753
3.9416666666666664,118.27730239172293
3.9499999999999997,118.44049470030353
3.9583333333333335,118.63557185058315
3.966666666666667,118.82480906061535
3.975,119.04412327727354
3.9833333333333334,119.24901282933868
3.9916666666666667,119.43290248540225
4.0,119.62796367726311
4.008333333333333,119.82452262451157
4.016666666666667,120.03507940133389
4.025,120.23970898740971
4.033333333333333,120.42775421203484
4.041666666666667,120.63036020191757
4.05,120.83967479630775
4.058333333333334,121.07289537265984
4.066666666666666,121.29477541768719
4.075,121.52618810923232
4.083333333333333,121.78566023998007
4.091666666666667,122.01045863981841
4.1,122.22876083280138
4.108333333333333,122.473982745383
4.116666666666666,122.70193472509429
4.125,122.9371765146259
4.133333333333333,123.18227263932879
4.141666666666667,123.41649290581819
4.15,123.64012128073853
4.158333333333333,123.86614211915116
4.166666666666667,124.07017549833444
4.175,124.29925859896657
4.183333333333334,124.51488524701077
4.191666666666666,124.74474510719448
4.2,124.95978081906041
4.208333333333333,125.20187667344567
4.216666666666667,125.41663591796159
4.225,125.64841682965559
4.233333333333333,125.88602155169008
4.241666666666666,126.10247416236345
4.25,126.34503193044914
4.258333333333333,126.59428829444889
4.266666666666667,126.80595977208662
4.275,127.02680646630442
4.283333333333333,127.2366557001577
4.291666666666667,127.46855778935537
4.3,127.6914459921375
4.308333333333334,127.91137862578904
4.316666666666666,128.14242524836985
4.325,128.37531966456888
4.333333333333333,128.59699878303465
4.341666666666667,128.81285932625505
4.35,128.9897773624273
4.358333333333333,129.1864692355924
4.366666666666666,129.38478647835888
4.375,129.63832012631988
4.383333333333333,129.8328644314956
4.391666666666667,130.0455107864372
4.4,130.30006871457118
4.408333333333333,130.48197004446124
4.416666666666667,130.689544293079
4.425,130.9150476412779
4.433333333333334,131.1123474275497
4.441666666666666,131.36084761357773
4.45,131.54784010266437
4.458333333333333,131.7393965635234
4.466666666666667,131.96115253569096
4.475,132.22467221589184
4.483333333333333,132.41685877297255
4.491666666666666,132.64081979185332
4.5,132.8848639855304
4.508333333333333,133.0546320175758
4.516666666666667,133.25914060463853
4.525,133.50646542993718
4.533333333333333,133.73968271350313
4.541666666666667,133.95599567849578
4.55,134.17033308974663
4.558333333333334,134.34689237069006
4.566666666666666,134.5442968578079
4.575,134.81462515321417
4.583333333333333,135.01328745227525
4.591666666666667,135.23191219086442
4.6,135.4702753252589
4.608333333333333,135.68551154192588
4.616666666666666,135.9499251653534
4.625,136.13705531085495
4.633333333333333,136.35807318221117
4.641666666666667,136.55500301029662
4.65,136.80832313876073
4.658333333333333,137.03992119761674
4.666666666666667,137.23839990112634
4.675,137.44957379513073
4.683333333333334,137.68314466846277
4.691666666666666,137.91804792817683
4.7,138.16998052375385
4.708333333333333,138.4051451484477
4.716666666666667,138.6090511552763
4.725,138.8517200011045
4.733333333333333,139.07839216077167
4.741666666666666,139.32303666482326
4.75,139.55731215330525
4.758333333333333,139.78538422063886
4.766666666666667,139.94601689658288
4.775,140.172956335805
4.783333333333333,140.36759188017757
4.791666666666667,140.5902902707098
4.8,140.79584695371014
4.808333333333334,141.00110218959202
4.816666666666666,141.23654097949253
4.825,141.42038267452318
4.833333333333333,141.63491473405756
4.841666666666667,141.820951670545
4.85,142.05627706608837
4.858333333333333,142.31367504833926
4.866666666666666,142.5365999328295
4.875,142.78070892870377
4.883333333333333,143.006095117521
4.891666666666667,143.20610088383646
4.9,143.43713402934742
4.908333333333333,143.66996665801815
4.916666666666667,143.87954282667053
4.925,144.10586316524376
4.933333333333334,144.34164207991637
4.941666666666666,144.53177782997187
4.95,144.74272140861524
4.958333333333333,144.96366729302002
4.966666666666667,145.20088720427665
4.975,145.43676643547616
4.983333333333333,145.64291525842498
4.991666666666666,145.87548678617384
5.0,146.1143268540199
5.008333333333333,146.3327791171875
5.016666666666667,146.55730905580577
5.025,146.76673798716425
5.033333333333333,147.0173315639283
5.041666666666667,147.26548213654758
5.05,147.46787122364927
5.058333333333334,147.6673763204327
5.066666666666666,147.89525715766084
5.075,148.1250770839085
5.083333333333333,148.33653684953126
5.091666666666667,148.55065232653968
5.1,148.7591204650851
5.108333333333333,148.9865472404829
5.116666666666666,149.19967435791614
5.125,149.4502890861563
5.133333333333333,149.69652623758967
5.141666666666667,149.92007487447398
5.15,150.14010970802534
5.158333333333333,150.39251509642122
5.166666666666667,150.59304916592913
5.175,150.81606702760524
5.183333333333334,151.0580621904803
5.191666666666666,151.30115221329257
5.2,151.52678851118543
5.208333333333333,151.76952160091804
5.216666666666667,151.97529521507
5.225,152.19396909294082
5.233333333333333,152.4502505252045
5.241666666666666,152.66943661789347
5.25,152.91768367980197
5.258333333333333,153.16281987539443
5.266666666666667,153.40922319771462
5.275,153.62510633755437
5.283333333333333,153.89937117186741
5.291666666666667,154.14927499251604
5.3,154.36746213189633
5.308333333333334,154.62998960687682
5.316666666666666,154.82894036310668
5.325,155.0615781981792
5.333333333333333,155.30499885055528
5.341666666666667,155.4904167128526
5.35,155.7641703798263
5.358333333333333,155.9618120697215
5.366666666666666,156.16822881527224
5.375,156.4055296502461
5.383333333333333,156.61387330997758
5.391666666666667,156.85461409873201
5.4,157.09525242116484
5.408333333333333,157.32004091643535
5.416666666666667,157.5152321602721
5.425,157.70556730833778
5.433333333333334,157.93162775672565
5.441666666666666,158.14978979341825
5.45,158.34859347808924
5.458333333333333,158.55985622506356
5.466666666666667,158.80154740149487
5.475,159.0201784309657
5.483333333333333,159.26059896783258
5.491666666666666,159.48443945202806
5.5,159.6982109966655
5.508333333333333,159.9727898890099
5.516666666666667,160.17556800394465
5.525,160.43160172875946
5.533333333333333,160.64123474184362
5.541666666666667,160.85370903087895
5.55,161.08542026600622
5.558333333333334,161.3259240788193
5.566666666666666,161.54992129998058
5.575,161.7649044560724
5.583333333333333,162.02897352564472
5.591666666666667,162.26733769849204
5.6,162.48129941593777
5.608333333333333,162.74583247845698
5.616666666666666,163.00618392301
5.625,163.22867835683368
5.633333333333333,163.45400364398472
5.641666666666667,163.67749212331262
5.65,163.8802119616451
5.658333333333333,164.1505904801076
5.666666666666667,164.4308145834291
5.675,164.6419592883908
5.683333333333334,164.90723786367508
5.691666666666666,165.158395410589
5.7,165.3971898427788
5.708333333333333,165.6450248834895
5.716666666666667,165.8872757376747
5.725,166.10244479208666
5.733333333333333,166.2832235311771
5.741666666666666,166.53497138044435
5.75,166.7191161243507
5.758333333333333,166.9323566193571
5.766666666666667,167.1609265383003
5.775,167.3487331782521
5.783333333333333,167.5723839517796
5.791666666666667,167.78734561206906
5.8,168.02822371580038
5.808333333333334,168.2459766021148
5.816666666666666,168.48913576863373
5.825,168.7165810199264
5.833333333333333,168.90076040734664
5.841666666666667,169.17030121533855
5.85,169.39943449882813
5.858333333333333,169.6525963335361
5.866666666666666,169.89798650971423
5.875,170.1341031621297
5.883333333333333,170.38363675513946
5.891666666666667,170.6370567565187
5.9,170.87190955752834
5.908333333333333,171.1108023176284
5.916666666666667,171.38324123609212
5.925,171.63321795066554
5.933333333333334,171.8562711213189
5.941666666666666,172.10500108698105
5.95,172.33972369327998
5.958333333333333,172.5855776818083
5.966666666666667,172.87842888258362
5.975,173.06899670282846
5.983333333333333,173.3384466883216
5.991666666666666,173.61360550798108
6.0,173.8269882693147
6.008333333333333,174.08033932495454
6.016666666666667,174.33676254282642
6.025,174.62242089294725
6.033333333333333,174.89708415854403
6.041666666666667,175.16047165686913
6.05,175.40335024656852
6.058333333333334,175.66721085705188
6.066666666666666,175.9063165542942
6.075,176.1594253855411
6.083333333333333,176.40070035561843
6.091666666666667,176.66172804301644
6.1,176.91777360512083
6.108333333333333,177.16819242062874
6.116666666666666,177.4377930574553
6.125,177.7503279913326
6.133333333333333,178.00664064978227
6.141666666666667,178.33718505430951
6.15,178.64224356227328
6.158333333333333,178.91044732136254
6.166666666666667,179.1995383352759
6.175,179.48896491210405
6.183333333333334,179.7834926583719
6.191666666666666,180.05525560643107
6.2,180.35421749338138
6.208333333333333,180.62155502044072
6.216666666666667,180.90735853529497
6.225,181.19690304938257
6.233333333333333,181.49868813115071
6.241666666666666,181.7780916962053
6.25,182.0659894977583
6.258333333333333,182.3171852679397
6.266666666666667,182.59812872124087
6.275,182.8292421223197
6.283333333333333,183.07997998784626
6.291666666666667,183.34728675120664
6.3,183.6083772638134
6.308333333333334,183.84980035905852
6.316666666666666,184.1092657399213
6.325,184.35930055269662
6.333333333333333,184.62869874285954
6.341666666666667,184.87458639535345
6.35,185.15270774691527
6.358333333333333,185.36912058896033
6.366666666666666,185.63555094369508
6.375,185.91000692661478
6.383333333333333,186.1350224893335
6.391666666666667,186.38569399915878
6.4,186.61487487980182
6.408333333333333,186.83785325025542
6.416666666666667,187.093442583212
6.425,187.33593514186595
6.433333333333334,187.54797202926775
6.441666666666666,187.80053646927374
6.45,188.02136921906992
6.458333333333333,188.2376075205294
6.466666666666667,188.43211494231974
6.475,188.68536617584812
6.483333333333333,188.90249528868668
6.491666666666666,189.10991839161005
6.5,189.2866895591227
6.508333333333333,189.52369701016264
6.516666666666667,189.76905259791332
6.5249999999999995,190.01051410223513
6.533333333333333,190.19713190222487
6.541666666666667,190.40922804576098
6.55,190.64559455590734
6.558333333333334,190.91499169931228
6.566666666666666,191.12310321795843
6.575,191.3919087179643
6.583333333333333,191.58032532890493
6.591666666666667,191.81117739792356
6.6,192.05709839246805
6.608333333333333,192.28840092720296
6.616666666666666,192.49671898221095
6.625,192.74537314585587
6.633333333333333,192.97952950246147
6.641666666666667,193.21245868213404
6.6499999999999995,193.44256218551467
6.658333333333333,193.66888788875562
6.666666666666667,193.90945234270313
6.675,194.15663638569706
6.683333333333334,194.3820804540198
6.691666666666666,194.5801818446859
6.7,194.8081091372962
6.708333333333333,195.08258426719286
6.716666666666667,195.356475225684
6.725,195.5726244401405
6.733333333333333,195.83915576576766
6.741666666666666,196.10181240115077
6.75,196.372484155497
6.758333333333333,196.62105242768797
6.766666666666667,196.8862640162864
6.7749999999999995,197.12164955280326
6.783333333333333,197.42430863202102
6.791666666666667,197.68818407198228
6.8,197.92470552077188
6.808333333333334,198.17535462318807
6.816666666666666,198.4628803324507
6.825,198.70309428531232
6.833333333333333,198.95030609764018
6.841666666666667,199.1845231603833
6.85,199.43835056477292
6.858333333333333,199.6859944069067
6.866666666666666,199.952741493697
6.875,200.18242689206704
6.883333333333333,200.4689336145707
6.891666666666667,200.74498290112342
6.8999999999999995,201.01627288904976
6.908333333333333,201.27795050764794
6.916666666666667,201.5400318136747
6.925,201.79205257071834
6.933333333333334,202.1394388373337
6.941666666666666,202.36717834381238
6.95,202.65449783312943
6.958333333333333,202.9458790797567
6.966666666666667,203.22768967733873
6.975,203.46078054044682
6.983333333333333,203.7286203399346
6.991666666666666,203.99661730188186
7.0,204.2785604995333
7.008333333333333,204.52772461766196
7.016666666666667,204.78088406028726
7.0249999999999995,205.07114073671755
7.033333333333333,205.3642135033966
7.041666666666667,205.67456288447536
7.05,205.94713310311414
7.058333333333334,206.31037954791128
7.066666666666666,206.6201004768422
7.075,206.90482752199466
7.083333333333333,207.17656898894438
7.091666666666667,207.49603838061157
7.1,207.8383934367882
7.108333333333333,208.15251354660217
7.116666666666666,208.44779660870495
7.125,208.73334141054224
7.133333333333333,208.992478946155
7.141666666666667,209.3458446849043
7.1499999999999995,209.59042981842532
7.158333333333333,209.82145516319767
7.166666666666667,210.10710727871935
7.175,210.3924629849244
7.183333333333334,210.68928521356258
7.191666666666666,211.0416767002631
7.2,211.30349577566753
7.208333333333333,211.56666546016638
7.216666666666667,211.8612217056541
7.225,212.16718486324697
7.233333333333333,212.39964658755596
7.241666666666666,212.72071833924488
7.25,213.01900467706653
7.258333333333333,213.32284315168687
7.266666666666667,213.6283558445217
7.2749999999999995,213.93323875865516
7.283333333333333,214.1898119694953
7.291666666666667,214.49303987504425
7.3,214.7660970016052
7.308333333333334,215.04962913363244
7.316666666666666,215.32345075118187
7.325,215.59678014309972
7.333333333333333,215.92232685313152
7.341666666666667,216.2746812584782
7.35,216.54581803028987
7.358333333333333,216.7711152952782
7.366666666666666,217.03653498310655
7.375,217.32522827121954
7.383333333333333,217.57734509607508
7.391666666666667,217.82629809783737
7.3999999999999995,218.07958363210406
7.408333333333333,218.38176657506932
7.416666666666667,218.62136528586313
7.425,218.86327538018747
7.433333333333334,219.1096038825899
7.441666666666666,219.38801063101832
7.45,219.67956550317876
7.458333333333333,219.9622957925596
7.466666666666667,220.20608705162354
7.475,220.444564498089
7.483333333333333,220.6781283456193
7.491666666666666,220.94120167705694
7.5,221.2111923794699
7.508333333333333,221.49589553182355
7.516666666666667,221.76515380456627
7.5249999999999995,222.01480241528296
7.533333333333333,222.27198067371162
7.541666666666667,222.56244112119637
7.55,222.83953170079903
7.558333333333334,223.07391516813442
7.566666666666666,223.3260629763212
7.575,223.62501866054086
7.583333333333333,223.88542517826906
7.591666666666667,224.14920627934862
7.6,224.40133097371864
7.608333333333333,224.67125159467858
7.616666666666666,224.96895823245157
7.625,225.24830807342343
7.633333333333333,225.50219041434127
7.641666666666667,225.73698157344396
7.6499999999999995,226.03648344002758
7.658333333333333,226.36130300526293
7.666666666666667,226.67842756802875
7.675,226.94791471715342
7.683333333333334,227.25547875854832
7.691666666666666,227.55626637147506
7.7,227.84134963949765
7.708333333333333,228.1101994000281
7.716666666666667,228.3782248641235
7.725,228.70150041688123
7.733333333333333,229.05073719025853
7.741666666666666,229.36071762807862
7.75,229.61122553136244
7.758333333333333,229.8799728575454
7.766666666666667,230.2209308137376
7.7749999999999995,230.56177946233947
7.783333333333333,230.8562914114219
7.791666666666667,231.12586662393062
7.8,231.45209208674046
7.808333333333334,231.79782897445338
7.816666666666666,232.05691802156244
7.825,232.38530171427504
7.833333333333333,232.69176491659846
7.841666666666667,232.99584418543142
7.85,233.33868471362516
7.858333333333333,233.6722208023385
7.866666666666666,233.95667409918488
7.875,234.26756361838284
7.883333333333333,234.6006453546565
7.891666666666667,234.95679796111682
7.8999999999999995,235.2984971526884
7.908333333333333,235.61562672951885
7.916666666666667,235.93876172172148
7.925,236.3198217216784
7.933333333333334,236.63474741950625
7.941666666666666,236.9890622296207
7.95,237.30432287707546
7.958333333333333,237.65854925956234
7.966666666666667,238.00254926830382
7.975,238.35641016875368
7.983333333333333,238.66663449220238
7.991666666666666,238.97262900877186
8.0,239.33061853570715
8.008333333333333,239.6859857946574
8.016666666666666,240.01068897541964
8.025,240.36923107497535
8.033333333333333,240.72850471291517
8.041666666666666,241.13582924869158
8.05,241.50442809416762
8.058333333333334,241.83287634384814
8.066666666666666,242.2088787202494
8.075,242.54028855324796
8.083333333333334,242.93487550497994
8.091666666666667,243.3272036354266
8.1,243.6786762054636
8.108333333333333,244.05494195308597
8.116666666666667,244.43959263510948
8.125,244.80004472044882
8.133333333333333,245.18913413562709
8.141666666666666,245.5090879515651
8.15,245.841819524147
8.158333333333333,246.22046895370536
8.166666666666666,246.5065390649261
8.175,246.88908850136997
8.183333333333334,247.2344663396296
8.191666666666666,247.5882563721959
8.2,247.94920477786755
8.208333333333334,248.30607582006405
8.216666666666667,248.67481917671853
8.225,249.00689090979304
8.233333333333333,249.36884871986803
8.241666666666667,249.74499127044268
8.25,250.1585403943094
8.258333333333333,250.52050958102396
8.266666666666666,250.8969024517622
8.275,251.2563282036147
8.283333333333333,251.57843610684466
8.291666666666666,251.9658331818403
8.3,252.34449089455583
8.308333333333334,252.69491918785184
8.316666666666666,253.03150969273096
8.325,253.45927585427154
8.333333333333334,253.81865169280314
8.341666666666667,254.1516272784241
8.35,254.49322220348668
8.358333333333333,254.83367665254684
8.366666666666667,255.2383387919128
8.375,255.56505087299269
8.383333333333333,255.92784012395407
8.391666666666666,256.25850595813057
8.4,256.5790225844901
8.408333333333333,256.8791226787954
8.416666666666666,257.18622172290736
8.425,257.5321903555516
8.433333333333334,257.8476530041275
8.441666666666666,258.18230035834426
8.45,258.4481576241141
8.458333333333334,258.76859612412204
8.466666666666667,259.0946358253519
8.475,259.322213269116
8.483333333333333,259.66248180890045
8.491666666666667,260.0263256330273
8.5,260.33285564253913
8.508333333333333,260.6154823708694
8.516666666666666,260.88749645440043
8.525,261.1970496923436
8.533333333333333,261.46995941204904
8.541666666666666,261.79256099807293
8.55,262.0571383905179
8.558333333333334,262.3016563963272
8.566666666666666,262.5651983272348
8.575,262.86735630716896
8.583333333333334,263.169545654618
8.591666666666667,263.4177306071658
8.6,263.71722718736135
8.608333333333333,264.0033416771543
8.616666666666667,264.2831604012988
8.625,264.5571514406396
8.633333333333333,264.80274451945655
8.641666666666666,265.0790514797144
8.65,265.38394340345184
8.658333333333333,265.69528236382735
8.666666666666666,265.9276229045703
8.675,266.1933680905979
8.683333333333334,266.52253869026487
8.691666666666666,266.75486063598345
8.7,267.0301062908566
8.708333333333334,267.2616699324469
8.716666666666667,267.49710345911325
8.725,267.769052664138
8.733333333333333,268.01322379596223
8.741666666666667,268.27968754526734
8.75,268.5125797405934
8.758333333333333,268.756605971464
8.766666666666666,269.04928068939586
8.775,269.3356284374788
8.783333333333333,269.5667216781086
8.791666666666666,269.85422750417223
8.8,270.1149451001477
8.808333333333334,270.37351862923566
8.816666666666666,270.6816474525391
8.825,271.0281524988572
8.833333333333334,271.28456012934106
8.841666666666667,271.606781034069
8.85,271.91480885931935
8.858333333333333,272.296585119878
8.866666666666667,272.5651243092486
8.875,272.85500001956785
8.883333333333333,273.11519756507045
8.891666666666666,273.4151181354304
8.9,273.7057256668659
8.908333333333333,274.0008600681153
8.916666666666666,274.2818622172146
8.925,274.5815042873673
8.933333333333334,274.8398847268044
8.941666666666666,275.1363149919828
8.95,275.4114642816598
8.958333333333334,275.6940469723277
8.966666666666667,275.95803613324034
8.975,276.21499949789586
8.983333333333333,276.41532884186523
8.991666666666667,276.7277677861923
9.0,276.9556237801471
9.008333333333333,277.1967598489301
9.016666666666666,277.4393559732931
9.025,277.7088439748178
9.033333333333333,277.95897546335584
9.041666666666666,278.1832365386108
9.05,278.54032771651225
9.058333333333334,278.7882371659361
9.066666666666666,278.9789124150613
9.075,279.2731098568446
9.083333333333334,279.605045536759
9.091666666666667,279.79963420021767
9.1,279.99569254202896
9.108333333333333,280.3108535866271
9.116666666666667,280.48683336015307
9.125,280.75978735203637
9.133333333333333,281.00636790027164
9.141666666666666,281.2530573127648
9.15,281.4751921366441
9.158333333333333,281.78456801228884
9.166666666666666,281.9522532303754
9.175,282.2120979373223
9.183333333333334,282.455782639443
9.191666666666666,282.66020352745755
9.2,282.8672368383456
9.208333333333334,283.1018171666028
9.216666666666667,283.3794435191789
9.225,283.6893682345863
9.233333333333333,284.0399124117399
9.241666666666667,284.29019692147494
9.25,284.4985431965348
9.258333333333333,284.7222167047145
9.266666666666666,284.95476963311864
9.275,285.22770722799686
9.283333333333333,285.42353930399213
9.291666666666666,285.68855706403446
9.3,285.86613130526194
9.308333333333334,286.0741667108261
9.316666666666666,286.3623347425848
9.325,286.5863340797899
9.333333333333334,286.85138779676674
9.341666666666667,287.0149751937612
9.35,287.2394760041261
9.358333333333333,287.44104637035355
9.366666666666667,287.62427534913076
9.375,287.84656396442375
9.383333333333333,288.0207821092287
9.391666666666666,288.22297383848274
9.4,288.4376812196492
9.408333333333333,288.6419007938844
9.416666666666666,288.7771984649917
9.425,288.95190172505147
9.433333333333334,289.2073731972152
9.441666666666666,289.41663369642555
9.45,289.65092085046393
9.458333333333334,289.844195641668
9.466666666666667,290.073483387754
9.475,290.2787337964276
9.483333333333333,290.49005813039486
9.491666666666667,290.6751642088497
9.5,290.8460109168352
9.508333333333333,291.03776354689916
9.516666666666666,291.2265994326755
9.525,291.40876817571046
9.533333333333333,291.5678035577774
9.541666666666666,291.72559726031494
9.55,291.8930078073764
9.558333333333334,292.0998481487076
9.566666666666666,292.2983137766063
9.575,292.48410458274986
9.583333333333334,292.6512319354125
9.591666666666667,292.85646298054513
9.6,293.10417229022937
9.608333333333333,293.3309094295332
9.616666666666667,293.53909205265114
9.625,293.72584127556013
9.633333333333333,293.9006385339035
9.641666666666666,294.12011183872187
9.65,294.3153320761342
9.658333333333333,294.4867289323741
9.666666666666666,294.7208182300719
9.675,294.91837772822475
9.683333333333334,295.1146309392036
9.691666666666666,295.30668514407466
9.7,295.50330152318617
9.708333333333334,295.6806384337564
9.716666666666667,295.853518959756
9.725,296.0557537906141
9.733333333333333,296.2630540701855
9.741666666666667,296.4738376925753
9.75,296.7270027675967
9.758333333333333,296.9786719337299
9.766666666666666,297.19726291205785
9.775,297.4310063194303
9.783333333333333,297.73302895923064
9.791666666666666,297.98893719250435
9.8,298.26279554163136
9.808333333333334,298.54973878336955
9.816666666666666,298.80532854033197
9.825,299.05418072662906
9.833333333333334,299.3426108249959
9.841666666666667,299.6150957733274
9.85,299.8779116367469
9.858333333333333,300.13956598735564
9.866666666666667,300.4511878365182
9.875,300.74446840728734
9.883333333333333,301.02234526827533
9.891666666666666,301.31975360861907
9.9,301.6209752034299
9.908333333333333,301.88531977086694
9.916666666666666,302.16077702502577
9.925,302.46802065327483
9.933333333333334,302.73860962705544
9.941666666666666,302.95184487746815
9.95,303.2089382556594
9.958333333333334,303.52582795425036
9.966666666666667,303.8199729884762
9.975,304.09348148520576
9.983333333333333,304.3297148593786
9.991666666666667,304.6232386942266
10.0,304.91290234651046
10.008333333333333,305.2551677093927
10.016666666666666,305.52086072738103
10.025,305.87348826343737
10.033333333333333,306.1878387176015
10.041666666666666,306.5031450782588
10.05,306.82530673588735
10.058333333333334,307.13222544539974
10.066666666666666,307.4409964767931
10.075,307.766294734811
10.083333333333334,308.107262501543
10.091666666666667,308.3978101202322
10.1,308.6649433490795
10.108333333333333,308.98383125568387
10.116666666666667,309.3285226708681
10.125,309.6244426028179
10.133333333333333,309.9385495693749
10.141666666666666,310.2206935802996
10.15,310.51599149941563
10.158333333333333,310.77440017230435
10.166666666666666,311.06782117702676
10.175,311.34629702618736
10.183333333333334,311.6727596208905
10.191666666666666,312.0209492086584
10.2,312.3825794780901
10.208333333333334,312.7225242538192
10.216666666666667,313.03493535085613
10.225,313.3786888177031
10.233333333333333,313.7650422810776
10.241666666666667,314.11162767280894
10.25,314.42513779438616
10.258333333333333,314.7219112527116
10.266666666666666,315.04103938683545
10.275,315.3877760627508
10.283333333333333,315.7359271960653
10.291666666666666,316.03817287459475
10.3,316.346645763663
10.308333333333334,316.6813325733649
10.316666666666666,316.9318895066239
10.325,317.2566485975469
10.333333333333334,317.5187662620303
10.341666666666667,317.81840591681305
10.35,318.1295881012255
10.358333333333333,318.45631824776956
10.366666666666667,318.75295281409655
10.375,319.0848692437606
10.383333333333333,319.45018672889375
10.391666666666666,319.8252003311467
10.4,320.17823968226884
10.408333333333333,320.5298984435151
10.416666666666666,320.8213579797917
10.425,321.1243258134437
10.433333333333334,321.4357041692196
10.441666666666666,321.7407460439734
10.45,322.05398831235937
10.458333333333334,322.354403093865
10.466666666666667,322.7054496376115
10.475,323.0336467527266
10.483333333333333,323.37071372318735
10.491666666666667,323.69144520638054
10.5,324.01476027219184
10.508333333333333,324.37808121579724
10.516666666666666,324.76578726761386
10.525,325.1285973466266
10.533333333333333,325.476259127648
10.541666666666666,325.7557512540019
10.55,326.11423320133787
10.558333333333334,326.48561983791524
10.566666666666666,326.7679328522225
10.575,327.14749178022305
10.583333333333334,327.5363789235603
10.591666666666667,327.84906307956686
10.6,328.1811782782324
10.608333333333333,328.55023985176547
10.616666666666667,329.0161407724776
10.625,329.3949238750157
10.633333333333333,329.69660198527527
10.641666666666666,329.9928869334809
10.65,330.40090349312896
10.658333333333333,330.7833107553934
10.666666666666666,331.2185708166291
10.675,331.5378069339528
10.683333333333334,331.94637553702404
10.691666666666666,332.32089664451297
10.7,332.68955380366185
10.708333333333334,333.10883138335487
10.716666666666667,333.4727681653113
10.725,333.83773985507065
10.733333333333333,334.25771154271797
10.741666666666667,334.5315320739197
10.75,334.78629806284204
10.758333333333333,335.14354648159514
10.766666666666666,335.5239614634443
10.775,335.9837767872703
10.783333333333333,336.24162220470504
10.791666666666666,336.6050757528405
10.8,336.92369536956784
10.808333333333334,337.350100679488
10.816666666666666,337.75911206040763
10.825,338.0846629658174
10.833333333333334,338.3323108167664
10.841666666666667,338.62104387370067
10.85,338.9552523635204
10.858333333333333,339.3075963899487
10.866666666666667,339.67474496122134
10.875,339.95184552043406
10.883333333333333,340.3002299346175
10.891666666666666,340.59583037369555
10.9,340.8213907904434
10.908333333333333,341.12704042436195
10.916666666666666,341.3875508156786
10.925,341.71438695816676
10.933333333333334,342.0646966815065
10.941666666666666,342.32536851738365
10.95,342.5602268297287
10.958333333333334,342.86314435489425
10.966666666666667,343.1517810106266
10.975,343.4758205594713
10.983333333333333,343.7466438306222
10.991666666666667,344.00910942917744
11.0,344.3678206241888
11.008333333333333,344.73324765240403
11.016666666666666,345.09748836604575
11.025,345.32474401229797
11.033333333333333,345.62463749060515
11.041666666666666,345.9152732881794
11.05,346.1918141474725
11.058333333333334,346.476127769767
11.066666666666666,346.8251200553897
11.075,347.14114303405455
11.083333333333334,347.4825563363675
11.091666666666667,347.9288897439257
11.1,348.29043446335726
11.108333333333333,348.579100320585
11.116666666666667,348.9051093804172
11.125,349.277913858158
11.133333333333333,349.59918700116816
11.141666666666666,349.9769961728031
11.15,350.2384890784862
11.158333333333333,350.56940977027364
11.166666666666666,350.9316552460397
11.175,351.2800748324776
11.183333333333334,351.590750845366
11.191666666666666,351.95995048068977
11.2,352.3110973436392
11.208333333333334,352.7008170273811
11.216666666666667,353.052335285877
11.225,353.3053763490325
11.233333333333333,353.7510694065499
11.241666666666667,354.144850852185
11.25,354.4066142198567
11.258333333333333,354.83556211767296
11.266666666666666,355.1192427229328
11.275,355.3855433423317
11.283333333333333,355.80110113977696
11.291666666666666,356.10296523543786
11.3,356.48668948988427
11.308333333333334,356.7774634785198
11.316666666666666,357.10673968812904
11.325,357.4315949909232
11.333333333333334,357.85247286361005
11.341666666666667,358.19399662715944
11.35,358.58225360825276
11.358333333333333,358.97476160460025
11.366666666666667,359.4018133952801
11.375,359.7783238553405
11.383333333333333,360.12768375500934
11.391666666666666,360.4308949475382
11.4,360.8437299119592
11.408333333333333,361.22478507659844
11.416666666666666,361.5821463962359
11.425,362.07712547171866
11.433333333333334,362.4127535081262
11.441666666666666,362.7269805076956
11.45,363.1500361323272
11.458333333333334,363.7086068284819
11.466666666666667,364.2115172407483
11.475,364.7185948395151
11.483333333333333,365.2406198886534
11.491666666666667,365.4770757895297
11.5,365.83409724975047
11.508333333333333,366.24668503039015
11.516666666666666,366.79647359543736
11.525,367.0976184948471
11.533333333333333,367.4690767397559
11.541666666666666,367.8967257816701
11.55,368.22335227284196
11.558333333333334,368.6528700615954
11.566666666666666,369.116275301775
11.575,369.48456318156286
11.583333333333334,369.9173023364645
11.591666666666667,370.2512051732438
11.6,370.65070591201834
11.608333333333333,371.0535854798519
11.616666666666667,371.5504061898796
11.625,371.8073466557716
11.633333333333333,372.14025573387056
11.641666666666666,372.39426162116143
11.65,372.68256004966855
11.658333333333333,373.2722677493601
11.666666666666666,373.5346692965857
11.675,374.04103985525154
11.683333333333334,374.4697078121426
11.691666666666666,374.73219171399256
11.7,375.14735746123006
11.708333333333334,375.4350673935635
11.716666666666667,375.81599509879857
11.725,376.03627825099005
11.733333333333333,376.5520469887307
11.741666666666667,376.9079777104894
11.75,377.27607586751134
11.758333333333333,377.93456862998215
11.766666666666666,378.25137542150475
11.775,378.69892499266547
11.783333333333333,379.10893354560744
11.791666666666666,379.43218854975305
11.8,379.81672073374966
11.808333333333334,380.1425646801649
11.816666666666666,380.5850286414629
11.825,380.77814622304766
11.833333333333334,381.2591082868051
11.841666666666667,381.51680569075637
11.85,382.01871207410204
11.858333333333333,382.4274024320892
11.866666666666667,382.68783501374327
11.875,383.1747646198888
11.883333333333333,383.64067033455893
11.891666666666666,384.0879119284263
11.9,384.61067573501083
11.908333333333333,384.8782633700513
11.916666666666666,385.3364539599645
11.925,385.5325997153597
11.933333333333334,385.9299002304052
11.941666666666666,386.1731835433115
11.95,386.6220824710091
11.958333333333334,387.0773864843616
11.966666666666667,387.31686049946654
11.975,387.67708387843777
11.983333333333333,387.99643412719456
11.991666666666667,388.4570046079834
12.0,388.72320650753767
12.008333333333333,389.0352769172952
12.016666666666666,389.39949383130363
12.025,389.6838283479717
12.033333333333333,390.0809033374597
12.041666666666666,390.3491531515311
12.05,390.7942024370946
12.058333333333334,391.04759746081754
12.066666666666666,391.30598760650497
12.075,391.69074464579074
12.083333333333334,391.9596546953894
12.091666666666667,392.59582394235457
12.1,392.9053744209835
12.108333333333333,393.2732928125693
12.116666666666667,393.652611036969
12.125,393.8603619457234
12.133333333333333,394.1784753835564
12.141666666666666,394.54086465206456
12.15,394.8680269636644
12.158333333333333,395.3661555163208
12.166666666666666,395.77263848861367
12.175,396.09730429969267
12.183333333333334,396.4410055082915
12.191666666666666,396.9817952175452
12.2,397.20047327353205
12.208333333333334,397.6859950523519
12.216666666666667,397.91642997900146
12.225,398.3042414291507
12.233333333333333,398.7173425136834
12.241666666666667,399.0704851549993
12.25,399.47960669778803
12.258333333333333,399.9178963416318
12.266666666666666,400.4395949974258
12.275,400.6637842858601
12.283333333333333,401.03718630077407
12.291666666666666,401.52569237326026
12.3,401.7016994815676
12.308333333333334,402.26763073914105
12.316666666666666,402.7413863687312
12.325,403.1172490605804
12.333333333333334,403.4148688178604
12.341666666666667,403.71815140760845
12.35,404.1219128730976
12.358333333333333,404.36882709497934
12.366666666666667,404.7607050507975
12.375,405.1073793379092
12.383333333333333,405.55284548439533
12.391666666666666,406.0531129820552
12.4,406.186370174818
12.408333333333333,406.6281178607273
12.416666666666666,406.79565314243945
12.425,407.2369001168223
12.433333333333334,407.47216042022194
12.441666666666666,407.8330863508345
12.45,408.2163696651488
12.458333333333334,408.41450237993854
12.466666666666667,408.8940291966665
12.475,409.2068214712409
12.483333333333333,409.717836356617
12.491666666666667,410.1424585909539
12.5,410.1919159446584
12.508333333333333,410.777843108047
12.516666666666666,411.00397658802564
12.525,411.51749187514196
12.533333333333333,411.9385374112376
12.541666666666666,412.42334529401575
12.55,412.6766780715515
12.558333333333334,412.983163425287
12.566666666666666,413.44313706497024
12.575,413.67215058126584
12.583333333333334,414.09590652346265
12.591666666666667,414.59275351568607
12.6,414.7496441992474
12.608333333333333,415.24887669694095
12.616666666666667,415.45655913536154
12.625,415.99337565452157
12.633333333333333,416.3484760066614
12.641666666666666,416.5864048143572
12.65,416.96557358768365
12.658333333333333,417.3150946863398
12.666666666666666,417.7780042933333
12.675,418.011677104504
12.683333333333334,418.625463820235
12.691666666666666,418.9603702522312
12.7,419.14287247366576
12.708333333333334,419.60499383122345
12.716666666666667,419.82819039910515
12.725,420.2876490474388
12.733333333333333,420.55452897166845
12.741666666666667,420.9233688074983
12.75,421.26958549694416
12.758333333333333,421.6605014077431
12.766666666666666,421.96912396459606
12.775,422.2754033067876
12.783333333333333,422.7748877338149
12.791666666666666,423.2723139259008
12.8,423.5818562530964
12.808333333333334,424.0019841622656
12.816666666666666,424.2773758627913
12.825,424.83382715773666
12.833333333333334,425.07174812759814
12.841666666666667,425.50954828183063
12.85,425.9293158603316
12.858333333333333,426.3908760123026
12.866666666666667,426.83899713206256
12.875,427.1688134108148
12.883333333333333,427.65979769125255
12.891666666666666,427.7838168529861
12.9,428.2565418689649
12.908333333333333,428.6039083923062
12.916666666666666,429.0388580343663
12.924999999999999,429.4757673041098
12.933333333333334,429.68261806086815
12.941666666666666,430.0898288001478
12.95,430.5182344107627
12.958333333333334,430.8292080707591
12.966666666666667,431.1831082845439
12.975,431.39154353448424
12.983333333333333,431.50722988995994
12.991666666666667,431.7685417816077
13.0,432.1398275820937
13.008333333333333,432.5468088768312
13.016666666666666,432.83825008600405
13.025,433.02216658270646
13.033333333333333,433.0817225419898
13.041666666666666,433.54177434550024
13.049999999999999,433.7164251167261
13.058333333333334,433.9067620460822
13.066666666666666,434.11246260934155
13.075,434.40991978988694
13.083333333333334,434.4833996649369
13.091666666666667,434.6093926109631
13.1,434.9213283197717
13.108333333333333,435.0714509062023
13.116666666666667,435.2413348353944
13.125,435.5669784513511
13.133333333333333,435.55890165514705
13.141666666666666,435.79554208938237
13.15,435.970224596182
13.158333333333333,436.2783688872741
13.166666666666666,436.5228594155947
13.174999999999999,436.54824529565
13.183333333333334,436.5562250401817
13.191666666666666,436.7837781971763
13.2,437.00894569516754
13.208333333333334,437.16321273738987
13.216666666666667,437.3569126646748
13.225,437.6403230926984
13.233333333333333,437.7766653186719
13.241666666666667,438.05788389871844
13.25,438.36025510161693
13.258333333333333,438.49935228884885
13.266666666666666,438.9327106144802
13.275,439.22786176441923
13.283333333333333,439.3491070090427
13.291666666666666,439.7133511287312
13.299999999999999,439.78072786578105
13.308333333333334,440.18276137232334
13.316666666666666,440.5394067946402
13.325,440.67609293843543
13.333333333333334,440.93518345142377
13.341666666666667,441.2049545983627
13.35,441.3790463082053
13.358333333333333,441.4636218386042
13.366666666666667,441.72317087035066
13.375,441.855616081166
13.383333333333333,441.83884430947154
13.391666666666666,441.8924507076867
13.4,442.0259415252717
13.408333333333333,441.9770907386484
13.416666666666666,441.9555100299484
13.424999999999999,441.9216385671917
13.433333333333334,441.9558990223448
13.441666666666666,442.0878624366989
13.45,442.0777509017072
13.458333333333334,442.0835506412471
13.466666666666667,442.111964995524
13.475,442.02941455876095
13.483333333333333,442.0195217096045
13.491666666666667,442.0867667528763
13.5,442.09275819815457
13.508333333333333,442.1378038648801
13.516666666666666,442.35681150562
13.525,442.32192492718104
13.533333333333333,442.2852861222937
13.541666666666666,442.43868252689253
13.549999999999999,442.55808431808083
13.558333333333334,442.5706866699461
13.566666666666666,442.4387898205802
13.575,442.59527872630713
13.583333333333334,442.6596347798741
13.591666666666667,442.78006386990893
13.6,442.8864433694989
13.608333333333333,442.93274612130915
13.616666666666667,443.03272456960264
13.625,443.0842935722961
13.633333333333333,443.24505162126445
13.641666666666666,443.40307360446565
13.65,443.5619250555862
13.658333333333333,443.6700471295245
13.666666666666666,443.82945079355477
13.674999999999999,444.14657231026024
13.683333333333334,444.17043077100806
13.691666666666666,444.2760233611807
13.7,444.5402222681963
13.708333333333334,444.5964821164468
13.716666666666667,444.6680944183376
13.725,444.92891614074586
13.733333333333333,445.19294391457174
13.741666666666667,445.34533609037743
13.75,445.503340948097
13.758333333333333,445.59832557627436
13.766666666666666,445.76978100856707
13.775,446.0137344902625
13.783333333333333,446.25100154915685
13.791666666666666,446.44686457817517
13.799999999999999,446.5691941694264
13.808333333333334,446.60670531742073
13.816666666666666,446.7811744352379
13.825,446.9890001973841
13.833333333333334,447.2801164065051
13.841666666666667,447.36689074585945
13.85,447.56685031540184
13.858333333333333,447.6654500679726
13.866666666666667,447.90601718623634
13.875,448.0063397171697
13.883333333333333,448.27627485712514
13.891666666666666,448.45460386543454
13.9,448.7399015557037
13.908333333333333,448.85416970088795
13.916666666666666,448.9822984617996
13.924999999999999,449.098190878956
13.933333333333334,449.38047825904425
13.941666666666666,449.5895265471968
13.95,449.7112286237309
13.958333333333334,449.8748294518214
13.966666666666667,450.08445432859105
13.975,450.28046914552493
13.983333333333333,450.456355757279
13.991666666666667,450.6425929417368
14.0,450.81555654418133
14.008333333333333,451.00831150221603
14.016666666666666,451.2694207276092
14.025,451.4872643731486
14.033333333333333,451.75736525632135
14.041666666666666,452.1208457181802
14.049999999999999,452.29098773244846
14.058333333333334,452.5895106591326
14.066666666666666,452.8672648587457
14.075,453.1965889795999
14.083333333333334,453.54528407179305
14.091666666666667,453.8320006092935
14.1,454.2806877849925
14.108333333333333,454.49561242433174
14.116666666666667,454.85327970765724
14.125,455.1688065068502
14.133333333333333,455.45742760567094
14.141666666666666,455.69401618353623
14.15,456.0555881590123
14.158333333333333,456.36471606777155
14.166666666666666,456.60584300113317
14.174999999999999,456.7661272096158
14.183333333333334,456.9000162767521
14.191666666666666,457.1476259776536
14.2,457.4083406557846
14.208333333333334,457.7095612589958
14.216666666666667,457.9985459100831
14.225,458.2520735865379
14.233333333333333,458.3814893904582
14.241666666666667,458.6014875428251
14.25,458.84117642652564
14.258333333333333,459.08058531203613
14.266666666666666,459.32207151054314
14.275,459.5029485380494
14.283333333333333,459.77385859701434
14.291666666666666,460.03759273769367
14.299999999999999,460.2080339954425
14.308333333333334,460.4552933789948
14.316666666666666,460.72514143275527
14.325,460.9474891986669
14.333333333333334,461.0879212936505
14.341666666666667,461.4028127682316
14.35,461.6543176908855
14.358333333333333,461.68384950758264
14.366666666666667,461.99800261764284
14.375,462.11015387811386
14.383333333333333,462.2183425272187
14.391666666666666,462.5359076672243
14.4,462.91361880492707
14.408333333333333,463.2272909419486
14.416666666666666,463.5373868628759
14.424999999999999,464.1234652433851
14.433333333333334,464.4982528396131
14.441666666666666,464.9022015494315
14.45,465.28491219488836
14.458333333333334,465.7716333017233
14.466666666666667,466.2784555830011
14.475,466.7479087333846
14.483333333333333,466.980023585963
14.491666666666667,467.56264137950194
14.5,468.19004863444906
14.508333333333333,468.40617008936283
14.516666666666666,468.93922291304915
14.525,469.51250816145796
14.533333333333333,469.9360893288171
14.541666666666666,470.3620876173018
14.549999999999999,471.01299786313996
14.558333333333334,471.56879187029557
14.566666666666666,472.0242084858798
14.575,472.5724538221755
14.583333333333334,473.1127392296405
14.591666666666667,473.7333095088302
14.6,474.2042463617272
14.608333333333333,474.6119695521579
14.616666666666667,475.1918278013428
14.625,475.78655268480634
14.633333333333333,476.38237085476874
14.641666666666666,476.8856579114911
14.65,477.5746775836855
14.658333333333333,478.187779899479
14.666666666666666,478.63821920370225
14.674999999999999,479.24866909367597
14.683333333333334,480.14005261602233
14.691666666666666,480.8812162269385
14.7,481.46839435029585
14.708333333333334,482.1217149050322
14.716666666666667,482.6699879225008
14.725,483.30137049437883
14.733333333333333,483.7124431960555
14.741666666666667,484.3109014955448
14.75,484.9166410204584
14.758333333333333,485.43634363704984
14.766666666666666,485.97775365564246
14.775,486.5790929009622
14.783333333333333,487.3621165476418
14.791666666666666,487.9271993705284
14.799999999999999,488.50684612400715
14.808333333333334,489.1801705846589
14.816666666666666,489.7110135150848
14.825,490.2948766048806
14.833333333333334,490.8627310600126
14.841666666666667,491.57137442483395
14.85,492.1988951858628
14.858333333333333,492.71231709553626
14.866666666666667,493.26307675695483
14.875,493.67248499644637
14.883333333333333,494.2580014951576
14.891666666666666,494.87104817958493
14.9,495.3555646835801
14.908333333333333,495.8184192938656
14.916666666666666,496.43881374091296
14.924999999999999,497.2451383121362
14.933333333333334,497.8627297193861
14.941666666666666,498.30510036561964
14.95,499.0849734925907
14.958333333333334,499.74142396444506
14.966666666666667,500.4344802287329
14.975,500.9426093002653
14.983333333333333,501.4853198252848
14.991666666666667,502.16408822171644
15.0,502.8229652414791
15.008333333333333,503.32229458070026
15.016666666666666,503.77849988831565
15.025,504.37890295640494
15.033333333333333,504.8885714507125
15.041666666666666,505.72573996824826
15.049999999999999,506.6682673556401
15.058333333333334,507.3612647863632
15.066666666666666,508.1197771369761
15.075,508.74579122589455
15.083333333333334,509.6342509816966
15.091666666666667,510.50114551346655
15.1,510.9006544312118
15.108333333333333,511.9107115295035
15.116666666666667,512.6393546389193
15.125,513.1658256156453
15.133333333333333,513.8096586724214
15.141666666666666,514.5940740451448
15.15,515.2855329317122
15.158333333333333,515.9460715756779
15.166666666666666,516.7695518568108
15.174999999999999,517.4803862782925
15.183333333333334,518.2195076308305
15.191666666666666,518.8272320848209
15.2,519.5786608605399
15.208333333333334,520.1189333667255
15.216666666666667,520.7822063893778
15.225,521.2692584666528
15.233333333333333,522.0436438980327
15.241666666666667,522.5993655765168
15.25,523.296300410898
15.258333333333333,523.8486141350813
15.266666666666666,524.2081662133994
15.275,524.7933481531197
15.283333333333333,525.3265264648886
15.291666666666666,525.9081260122473
15.299999999999999,526.4984317115901
15.308333333333334,527.050824291719
15.316666666666666,527.5653116761259
15.325,528.2460531144156
15.333333333333334,528.8514714299631
15.341666666666667,529.3285616955417
15.35,529.8597201738199
15.358333333333333,530.3314392108264
15.366666666666667,530.9544105041379
15.375,531.4033222715701
15.383333333333333,531.9507375062857
15.391666666666666,532.4260673417004
15.4,532.8758508198106
15.408333333333333,533.6087010108462
15.416666666666666,534.1491569853911
15.424999999999999,534.6261359798907
15.433333333333334,535.0757501739898
15.441666666666666,535.5280474192443
15.45,535.9149116530174
15.458333333333334,536.4248911173263
15.466666666666667,536.9044985301016
15.475,537.4041074212788
15.483333333333333,537.6575384936542
15.491666666666667,538.4665297108934
15.5,539.2925597923602
15.508333333333333,539.7622598321066
15.516666666666666,540.0933083884248
15.525,540.5408219778469
15.533333333333333,540.8776022951506
15.541666666666666,541.3892501650514
15.549999999999999,542.1944798356424
15.558333333333334,542.9760623696875
15.566666666666666,543.6461465191585
15.575,544.6035057546837
15.583333333333334,545.3918038951027
15.591666666666667,545.7739009182607
15.6,546.5288575758577
15.608333333333333,547.4057818837432
15.616666666666667,547.6773868296004
15.625,548.203745193586
15.633333333333333,549.1901867616748
15.641666666666666,550.1402027102359
15.65,550.7323971705247
15.658333333333333,551.6017687623565
15.666666666666666,552.2040507311665
15.674999999999999,553.1160342944441
15.683333333333334,553.872458147278
15.691666666666666,554.6193364789117
15.7,555.3179877335615
15.708333333333334,555.9906059083701
15.716666666666667,556.5461919946639
15.725,557.3178045867268
15.733333333333333,558.1863413569107
15.741666666666667,558.807283724638
15.75,559.4531911139576
15.758333333333333,560.1297513786648
15.766666666666666,560.6907465134638
15.775,561.3745506564751
15.783333333333333,561.9231128545198
15.791666666666666,562.8419669263185
15.799999999999999,563.42333409432
15.808333333333334,564.4618723865963
15.816666666666666,565.0437924268148
15.825,565.9071427440261
15.833333333333334,566.3874244599247
15.841666666666667,567.1216273714467
15.85,567.64948860847
15.858333333333333,567.97130872616
15.866666666666667,568.388200953108
15.875,569.2044643997341
15.883333333333333,569.7556450868783
15.891666666666666,570.4999740619131
15.9,571.1203250895848
15.908333333333333,571.7766503044443
15.916666666666666,572.3037110356597
15.924999999999999,572.7568672767302
15.933333333333334,573.2989878093982
15.941666666666666,573.8186358181052
15.95,574.3377641348153
15.958333333333334,574.8838940795381
15.966666666666667,575.3359528648532
15.975,575.7912915335213
15.983333333333333,576.2857652609231
15.991666666666667,576.7522742647379
16.0,577.1400937564737
16.008333333333333,577.530492114994
16.016666666666666,577.9304554340517
16.025,578.3589397921837
16.03333333333333,578.7816978697667
16.041666666666668,579.27042226006
16.05,579.7187482524912
16.058333333333334,580.1381134460536
16.066666666666666,580.5823100349858
16.075,581.0724629347715
16.083333333333332,581.5086103978736
16.091666666666665,581.933420298694
16.1,582.4030775068285
16.108333333333334,582.7748274783352
16.116666666666667,583.2020093675734
16.125,583.5939791193559
16.133333333333333,583.999852481422
16.141666666666666,584.4779229527237
16.15,584.9360834017967
16.15833333333333,585.512639130448
16.166666666666668,586.0784254250814
16.175,586.4229930603623
16.183333333333334,586.7178443699372
16.191666666666666,587.352730260059
16.2,587.9429265822166
16.208333333333332,588.4311701141356
16.216666666666665,588.9039634193986
16.225,589.2348598151614
16.233333333333334,589.6564440513065
16.241666666666667,590.2711990000334
16.25,590.7885596774986
16.258333333333333,591.3332531799443
16.266666666666666,591.661363675218
16.275,592.1443171823544
16.28333333333333,592.6443017371658
16.291666666666668,593.0531059046847
16.3,593.6669939070845
16.308333333333334,594.1435240297455
16.316666666666666,594.484834097933
16.325,595.0943311911344
16.333333333333332,595.3718774319715
16.341666666666665,595.7240137417805
16.35,596.1767612325298
16.358333333333334,596.6509447199516
16.366666666666667,597.230050709107
16.375,597.5041378161746
16.383333333333333,597.7561233488411
16.391666666666666,598.2496054932022
16.4,598.9686026699779
16.40833333333333,599.5593426355423
16.416666666666668,600.3959204180989
16.425,601.029615723506
16.433333333333334,601.4996738559831
16.441666666666666,602.1155352998317
16.45,602.7740700606053
16.458333333333332,603.3516321293256
16.466666666666665,603.458093613876
16.475,604.153318923451
16.483333333333334,604.9911144332286
16.491666666666667,605.4127585829285
16.5,606.1566037095836
16.508333333333333,606.8543782193901
16.516666666666666,607.5373847634619
16.525,608.2037325657611
16.53333333333333,608.336516371985
16.541666666666668,608.7075927105611
16.55,609.3450842616859
16.558333333333334,609.7886163717537
16.566666666666666,610.4351768892675
16.575,611.0607313188468
16.583333333333332,611.739951910073
16.591666666666665,612.3579269226645
16.6,613.0776540338526
16.608333333333334,614.1677375078833
16.616666666666667,614.5871484784748
16.625,615.4094921725435
16.633333333333333,616.417521468908
16.641666666666666,617.052425045362
16.65,618.0827029318772
16.65833333333333,618.8377996640581
16.666666666666668,619.4390151682051
16.675,620.4835779295064
16.683333333333334,621.3400101226174
16.691666666666666,622.1874317201829
16.7,622.9707479998516
16.708333333333332,623.8499116529371
16.716666666666665,624.7608947376798
16.725,625.480503375013
16.733333333333334,626.474015779184
16.741666666666667,627.3928175302001
16.75,628.1580690378942
16.758333333333333,628.9716293495172
16.766666666666666,629.8221523086355
16.775,630.7793951125168
16.78333333333333,631.7377377317395
16.791666666666668,632.5793637039847
16.8,633.4359191092465
16.808333333333334,634.2240053249899
16.816666666666666,634.9605574818189
16.825,635.7953930173385
16.833333333333332,636.6644707245363
16.841666666666665,637.4504272992752
16.85,638.2716956267022
16.858333333333334,639.0720882577133
16.866666666666667,639.7990208339812
16.875,640.6333972000126
16.883333333333333,641.4514473770954
16.891666666666666,642.3237491983467
16.9,643.1044536501331
16.90833333333333,643.9289703195144
16.916666666666668,644.7547989701667
16.925,645.539973982867
16.933333333333334,646.4832431127629
16.941666666666666,647.5226838556014
16.95,648.4979054000122
16.958333333333332,649.4929644387477
16.966666666666665,650.3859174599298
16.975,651.2786604520426
16.983333333333334,652.1612400431231
16.991666666666667,653.0674178446104
17.0,653.929691179143
17.008333333333333,654.7446163013745
17.016666666666666,655.555126030464
17.025,656.3607849428138
17.03333333333333,657.1889697147425
17.041666666666668,658.0191522853933
17.05,658.8123563258617
17.058333333333334,659.5048368875118
17.066666666666666,660.2454771978933
17.075,661.0589363106021
17.083333333333332,661.9611135845064
17.091666666666665,662.8242249646115
17.1,663.6342343444617
17.108333333333334,664.3785923831655
17.116666666666667,665.0887675042916
17.125,665.8408420965345
17.133333333333333,666.6011091870598
17.141666666666666,667.3644008974308
17.15,668.1932222069436
17.15833333333333,669.0736559655475
17.166666666666668,669.8933932640127
17.175,670.7100600649815
17.183333333333334,671.438381412282
17.191666666666666,672.3334910590635
17.2,673.1609737261555
17.208333333333332,673.974893497332
17.216666666666665,674.8160853717153
17.225,675.5589709144837
17.233333333333334,676.3100129157751
17.241666666666667,676.9940264478315
17.25,677.688871647431
17.258333333333333,678.4303335308659
17.266666666666666,679.193348777709
17.275,679.9628625924154
17.28333333333333,680.7268034690835
17.291666666666668,681.3658153726124
17.3,682.0343056678962
17.308333333333334,682.7342420774811
17.316666666666666,683.4948857872391
17.325,684.3394903905341
17.333333333333332,685.0341998029198
17.341666666666665,685.8252822114333
17.35,686.6239630465363
17.358333333333334,687.4376862453605
17.366666666666667,688.348326653214
17.375,689.2078232183045
17.383333333333333,689.7347645919938
17.391666666666666,690.4950023364744
17.4,691.4430770255204
17.40833333333333,692.22962962449
17.416666666666668,693.1030858166481
17.425,693.9330734582181
17.433333333333334,694.4206493989109
17.441666666666666,695.4736110130463
17.45,696.3100753101936
17.458333333333332,697.1204281784836
17.466666666666665,697.9298254765225
17.475,698.7835130364953
17.483333333333334,699.6430669838471
17.491666666666667,700.2325739535589
17.5,701.424371595003
17.508333333333333,702.370525291616
17.516666666666666,703.2327825428928
17.525,704.0757931609044
17.53333333333333,704.9697027602999
17.541666666666668,705.7371378681918
17.55,706.5860534575553
17.558333333333334,707.5442152498663
17.566666666666666,708.5998106984999
17.575,709.2661741234336
17.583333333333332,709.8770504431316
17.591666666666665,710.7110615262608
17.6,711.5977840414382
17.608333333333334,712.5657474706205
17.616666666666667,713.5560308393099
17.625,714.5105256120331
17.633333333333333,715.5391850590826
17.641666666666666,716.4746669729349
17.65,717.4537948172783
17.65833333333333,718.4391038685359
17.666666666666668,719.4220370520369
17.675,720.3878441613492
17.683333333333334,721.2739619681872
17.691666666666666,722.1677082715241
17.7,723.034291280363
17.708333333333332,723.8998489966175
17.716666666666665,724.7401062307094
17.725,725.6795998256127
17.733333333333334,726.6146616154748
17.741666666666667,727.459543190723
17.75,728.4807635634586
17.758333333333333,729.4205778156186
17.766666666666666,730.4231743747748
17.775,731.3596830361912
17.78333333333333,732.3098472278976
17.791666666666668,733.3540758008602
17.8,734.184963910125
17.808333333333334,735.2876544875106
17.816666666666666,736.1704332673711
17.825,737.1757928272284
17.833333333333332,738.1727689707773
17.841666666666665,739.0381725206183
17.85,740.0249340392437
17.858333333333334,740.9598936010616
17.866666666666667,741.878692343981
17.875,742.7867139019239
17.883333333333333,743.4831506934562
17.891666666666666,744.2588315756566
17.9,744.871034334144
17.90833333333333,745.6167781967956
17.916666666666668,746.2910016356435
17.925,746.9743739601072
17.933333333333334,747.6893653778839
17.941666666666666,748.4412200570313
17.95,749.0523873811757
17.958333333333332,749.8400992735735
17.966666666666665,750.4452778985877
17.975,750.7568440068341
17.983333333333334,751.6154883739265
17.991666666666667,752.3836833581812
18.0,753.0199977778946
18.008333333333333,753.7694994289902
18.016666666666666,754.5201320723883
18.025,755.2480340581377
18.03333333333333,756.0143888134867
18.041666666666668,756.7645175152722
18.05,757.542615243559
18.058333333333334,758.2962645831099
18.066666666666666,758.9975607920068
18.075,759.628391218534
18.083333333333332,760.2575260366575
18.091666666666665,760.9128211491071
18.1,761.6018823745743
18.108333333333334,762.1210765324068
18.116666666666667,762.759205573852
18.125,763.4767008028234
18.133333333333333,764.1283543909676
18.141666666666666,764.9287217161681
18.15,765.8414359870239
18.15833333333333,766.6769323794542
18.166666666666668,767.6247389374843
18.175,768.5452327441241
18.183333333333334,769.4870206545412
18.191666666666666,770.4281223895852
18.2,771.2059207604153
18.208333333333332,772.0822661755813
18.216666666666665,772.8478080899855
18.225,773.7923611481615
18.233333333333334,774.7001724053698
18.241666666666667,775.6044717694214
18.25,776.5398546440276
18.258333333333333,777.5299544461052
18.266666666666666,778.468691566057
18.275,779.5329045467464
18.28333333333333,780.4230618535983
18.291666666666668,781.4711880287045
18.3,782.6126572234153
18.308333333333334,783.6567149203942
18.316666666666666,784.7579376224927
18.325,785.9760900215141
18.333333333333332,787.1584080985282
18.341666666666665,788.2778155881866
18.35,789.0200129805602
18.358333333333334,789.9412184518062
18.366666666666667,791.6151993981586
18.375,792.6272791047479
18.383333333333333,793.2074242765061
18.391666666666666,794.2159601725946
18.4,794.8740502682774
18.40833333333333,795.9178997935243
18.416666666666668,797.3971602840097
18.425,797.901815211201
18.433333333333334,798.7829828224887
18.441666666666666,799.6461355943051
18.45,800.5695984152653
18.458333333333332,801.2061440112926
18.466666666666665,802.3165368717376
18.475,804.0253730000641
18.483333333333334,804.8127962811354
18.491666666666667,806.0243780727428
18.5,807.1814660049861
18.508333333333333,808.2727486636642
18.516666666666666,809.3274447320618
18.525,810.2868429838787
18.53333333333333,811.3358648465468
18.541666666666668,812.3840017179829
18.55,813.1327976163388
18.558333333333334,813.9115002737319
18.566666666666666,815.200109173389
18.575,815.9853462514664
18.583333333333332,816.6246536539891
18.591666666666665,817.2331242941542
18.6,817.824897368649
18.608333333333334,818.4021057123574
18.616666666666667,819.1112606092294
18.625,819.7372385458461
18.633333333333333,820.4445411941759
18.641666666666666,820.9665185135502
18.65,821.6206413661288
18.65833333333333,822.1735916728917
18.666666666666668,822.8120682427341
18.675,823.3935161521634
18.683333333333334,823.9272164617926
18.691666666666666,824.5712268915771
18.7,825.1404967571245
18.708333333333332,825.7021726657993
18.716666666666665,826.1982458056422
18.725,826.8973716836808
18.733333333333334,827.5672441382684
18.741666666666667,828.2058056843065
18.75,828.9077009910475
18.758333333333333,829.6060908506834
18.766666666666666,829.7955885191099
18.775,829.8710211798729
18.78333333333333,830.4566507079203
18.791666666666668,830.9625247594796
18.8,831.6075958322829
18.808333333333334,832.2840401451652
18.816666666666666,832.9723217711821
18.825,833.7166730935752
18.833333333333332,833.8532093200945
18.841666666666665,834.6225175796219
18.85,834.7482901484324
18.858333333333334,835.3916015472169
18.866666666666667,835.947835951447
18.875,836.6626988062044
18.883333333333333,837.2966461672873
18.891666666666666,837.9222384031514
18.9,838.5298896979168
18.90833333333333,839.1776443234627
18.916666666666668,839.8398121729055
18.925,840.4439088148497
18.933333333333334,840.9862701658932
18.941666666666666,841.6325319938409
18.95,842.3690462683899
18.958333333333332,843.0836396774541
18.966666666666665,843.9429664448846
18.975,844.6579753064703
18.983333333333334,845.320255879946
18.991666666666667,845.8674429167542
19.0,846.470767561436
19.008333333333333,846.9711993316315
19.016666666666666,847.5652058078276
19.025,848.123893353354
19.03333333333333,848.6480212366796
19.041666666666668,849.2423765055742
19.05,849.7752444405969
19.058333333333334,850.4501674492619
19.066666666666666,851.1294356956197
19.075,851.8375758144392
19.083333333333332,852.3897592871182
19.091666666666665,852.366905965028
19.1,852.9463251458858
19.108333333333334,853.6276910871999
19.116666666666667,854.4076678826101
19.125,854.4801166164258
19.133333333333333,854.6384445090318
19.141666666666666,854.6312578999401
19.15,854.7075790215226
19.15833333333333,854.7395761129711
19.166666666666668,854.7586396415602
19.175,854.7159579852467
19.183333333333334,854.7934788332026
19.191666666666666,854.9251744622751
19.2,854.9789937494246
19.208333333333332,855.0023638333664
19.216666666666665,854.9678839930255
19.225,854.8928608997085
19.233333333333334,854.854980721631
19.241666666666667,854.9152614063921
19.25,854.9673866199477
19.258333333333333,854.9378527915817
19.266666666666666,855.039983229743
19.275,855.0439639546515
19.28333333333333,854.8007286041757
19.291666666666668,854.7266765530576
19.3,854.4755700320062
19.308333333333334,854.2093938386485
19.316666666666666,853.933370985863
19.325,853.6544447589451
19.333333333333332,853.2397863423982
19.341666666666665,853.1820057179342
19.35,853.1430615274717
19.358333333333334,852.968633957104
19.366666666666667,852.7744286723077
19.375,852.6497103252274
19.383333333333333,852.5214395080643
19.391666666666666,852.300448022181
19.4,852.2958771861215
19.40833333333333,852.1468082891048
19.416666666666668,852.0805837974683
19.425,852.0215334083413
19.433333333333334,852.0425148969841
19.441666666666666,851.7975943235847
19.45,851.9883076762335
19.458333333333332,851.8602745324494
19.466666666666665,851.8242836690711
19.475,851.7757033082567
19.483333333333334,851.6083299194875
19.491666666666667,851.4703318212202
19.5,851.3939188522161
19.508333333333333,851.3078121811834
19.516666666666666,850.9912891147957
19.525,850.747029975068
19.53333333333333,850.6925134158184
19.541666666666668,850.6974124252317
19.55,850.6291545454723
19.558333333333334,850.4832933784596
19.566666666666666,850.4747138894477
19.575,850.3738294705532
19.583333333333332,850.1822459411643
19.591666666666665,850.1746945642954
19.6,849.9490795319527
19.608333333333334,849.7110547525466
19.616666666666667,849.520168140541
19.625,849.5607907840313
19.633333333333333,849.4574616772173
19.641666666666666,849.6167461018235
19.65,849.8635078137884
19.65833333333333,850.0779761583319
19.666666666666668,850.1925542301071
19.675,850.1779815238008
19.683333333333334,850.3043109612244
19.691666666666666,850.3802701838438
19.7,850.6499887820598
19.708333333333332,850.843323877555
19.716666666666665,851.1310688472473
19.725,851.4706973159406
19.733333333333334,851.9346639966094
19.741666666666667,852.5384327778272
19.75,853.1055090216822
19.758333333333333,853.7583622047706
19.766666666666666,854.166900600801
19.775,854.5661080229992
19.78333333333333,854.9691280483062
19.791666666666668,855.2293296113103
19.8,855.3070610767862
19.808333333333334,855.4446000307059
19.816666666666666,855.5727335629813
19.825,855.7552613996864
19.833333333333332,855.7968429170687
19.841666666666665,855.9825558811103
19.85,855.8456248129239
19.858333333333334,856.073009691483
19.866666666666667,856.3127377815358
19.875,856.5562377776039
19.883333333333333,856.6782653631114
19.891666666666666,856.7497987404372
19.9,856.6755502058495
19.90833333333333,856.6508680956584
19.916666666666668,856.5921842780588
19.925,856.7915325067862
19.933333333333334,857.0663731564217
19.941666666666666,857.200651682803
19.95,857.259695572067
19.958333333333332,857.5439608250053
19.966666666666665,857.7919209806294
19.975,858.0996086775162
19.983333333333334,858.6348346432798
19.991666666666667,859.2156173105253
20.0,859.8549316136127
20.008333333333333,860.5938093909119
20.016666666666666,861.2279691202073
20.025,861.747494646622
20.03333333333333,862.2849704354296
20.041666666666668,863.1156226343263
20.05,863.867157426346
20.058333333333334,864.8677705858136
20.066666666666666,865.7734894766495
20.075,866.3752526000376
20.083333333333332,867.106426056019
20.091666666666665,867.7970073747962
20.1,868.3607724162985
20.108333333333334,868.8279121246212
20.116666666666667,869.3152583934622
20.125,869.828309754205
20.133333333333333,870.6137834652886
20.141666666666666,871.4017527634423
20.15,872.1826404507307
20.15833333333333,872.7179711914425
20.166666666666668,873.2552816738051
20.175,873.93472636827
20.183333333333334,874.4872304796568
20.191666666666666,875.0031008063003
20.2,875.4561385023437
20.208333333333332,875.8251135699297
20.216666666666665,876.3114189979143
20.225,877.1013699595914
20.233333333333334,877.6344168040233
20.241666666666667,878.1865992705158
20.25,878.6129132992271
20.258333333333333,879.0765862428116
20.266666666666666,879.8130389871296
20.275,880.414329220725
20.28333333333333,880.9548258636277
20.291666666666668,881.4361408437327
20.3,882.0968266346753
20.308333333333334,882.8762472487452
20.316666666666666,883.6576140217004
20.325,884.0887713821882
20.333333333333332,884.6227060980044
20.341666666666665,884.9974664028217
20.35,885.7746877186191
20.358333333333334,886.5352255807165
20.366666666666667,887.4230226885657
20.375,888.4383206954192
20.383333333333333,889.5316780861448
20.391666666666666,890.4817858895697
20.4,891.2399470680525
20.40833333333333,892.2666084829386
20.416666666666668,893.5036812381348
20.425,894.5396170550372
20.433333333333334,895.9207929235672
20.441666666666666,897.3822322704029
20.45,898.6635696902161
20.458333333333332,900.1235007172668
20.466666666666665,901.635779435402
20.475,902.8792139679135
20.483333333333334,904.3262615984752
20.491666666666667,905.709904781234
20.5,907.3984267611615
20.508333333333333,909.1289875397799
20.516666666666666,911.0753969072535
20.525,912.8379551262051
20.53333333333333,914.5912683926412
20.541666666666668,916.0102367534566
20.55,917.600254038148
20.558333333333334,918.9712328435108
20.566666666666666,920.6699154821795
20.575,922.3759097412669
20.583333333333332,924.2335600632221
20.591666666666665,925.6941170736711
20.6,927.2299172707128
20.608333333333334,929.5824114020043
20.616666666666667,931.0321281896488
20.625,933.2291299407896
20.633333333333333,935.0999002142314
20.641666666666666,937.1024886806475
20.65,939.309784310779
20.65833333333333,941.7345314687731
20.666666666666668,943.2421242818555
20.675,944.8336249229296
20.683333333333334,946.1229325808321
20.691666666666666,947.7523067851231
20.7,949.5072111729402
20.708333333333332,952.1229890255961
20.716666666666665,954.7183560774968
20.725,956.9990035263584
20.733333333333334,959.4370879124937
20.741666666666667,961.772370276519
20.75,963.3752156241477
20.758333333333333,964.9008725043323
20.766666666666666,967.5894927813717
20.775,970.1861888733348
20.78333333333333,972.7923844089036
20.791666666666668,975.5159931144376
20.8,977.1757493253547
20.808333333333334,978.8696926068859
20.816666666666666,980.4254886693897
20.825,983.4321727019542
20.833333333333332,986.2251460526868
20.841666666666665,987.9705684050367
20.85,989.6668689411073
20.858333333333334,991.3138804300346
20.866666666666667,993.3305665182346
20.875,995.1648734242269
20.883333333333333,996.8980440137652
20.891666666666666,998.7218206045937
20.9,1000.4442734750995
20.90833333333333,1002.2409012669161
20.916666666666668,1004.1703939220347
20.925,1005.7191252069603
20.933333333333334,1007.3431013454724
20.941666666666666,1008.7987870028312
20.95,1009.9015500186404
20.958333333333332,1011.2008286447095
20.966666666666665,1012.6394531479651
20.975,1013.8903926546242
20.983333333333334,1015.410810292613
20.991666666666667,1016.8302318869389
21.0,1018.5976340256583
21.008333333333333,1020.0732803027265
21.016666666666666,1021.6454727172019
21.025,1023.1180086746523
21.03333333333333,1024.5562124384112
21.041666666666668,1026.0111769187506
21.05,1027.560481254669
21.058333333333334,1028.8237237524875
21.066666666666666,1029.9955049777434
21.075,1031.433263331925
21.083333333333332,1032.8130419158856
21.091666666666665,1034.0702576186534
21.1,1035.3324748389455
21.108333333333334,1036.1966342631758
21.116666666666667,1037.3835715832838
21.125,1038.7116593053447
21.133333333333333,1039.6437309327002
21.141666666666666,1040.7683209177194
21.15,1041.9095649488897
21.15833333333333,1043.4034729398472
21.166666666666668,1044.9430399412836
21.175,1046.4733183499982
21.183333333333334,1048.1961832318898
21.191666666666666,1049.726629886275
21.2,1051.2994126408332
21.208333333333332,1052.7906201212054
21.216666666666665,1054.4584213684648
21.225,1056.545887081107
21.233333333333334,1058.5267908665764
21.241666666666667,1060.222378934491
21.25,1061.9816351336538
21.258333333333333,1063.6906110358173
21.266666666666666,1065.5534683663939
21.275,1067.0695234744965
21.28333333333333,1068.4155984687493
21.291666666666668,1069.795813539768
21.3,1071.044315159188
21.308333333333334,1072.440825678205
21.316666666666666,1074.084753957874
21.325,1075.9582366410832
21.333333333333332,1078.064794932419
21.341666666666665,1079.9259350505872
21.35,1081.675355548857
21.358333333333334,1082.9018407977974
21.366666666666667,1084.96913788463
21.375,1086.2163948843665
21.383333333333333,1088.012623753979
21.391666666666666,1089.7262698190168
21.4,1091.280899513662
21.40833333333333,1092.7085248132828
21.416666666666668,1094.4998145965155
21.425,1096.0855783022362
21.433333333333334,1098.0543537947021
21.441666666666666,1099.983510105249
21.45,1102.3412310065348
21.458333333333332,1104.456209455362
21.466666666666665,1106.8837474153443
21.475,1109.110820565607
21.483333333333334,1111.4952246358753
21.491666666666667,1113.4110583022375
21.5,1115.4856912605073
21.508333333333333,1117.4607943592882
21.516666666666666,1119.5501922358023
21.525,1121.7635891796035
21.53333333333333,1123.234250213263
21.541666666666668,1124.5800367127697
21.55,1125.7583244504804
21.558333333333334,1127.420324836454
21.566666666666666,1129.0430521045803
21.575,1130.859738511103
21.583333333333332,1132.542965741087
21.591666666666665,1134.1899735693985
21.6,1135.6623862902059
21.608333333333334,1137.2224411776494
21.616666666666667,1138.7266901404744
21.625,1140.577514037946
21.633333333333333,1142.4243400906719
21.641666666666666,1144.3176998824792
21.65,1145.8065893681305
21.65833333333333,1147.4075341329365
21.666666666666668,1149.3245526339522
21.675,1151.239769858551
21.683333333333334,1153.1283252151877
21.691666666666666,1154.818355583938
21.7,1156.6745395138657
21.708333333333332,1158.4317036072823
21.716666666666665,1160.3576129978226
21.725,1162.2903909119682
21.733333333333334,1164.2990321430646
21.741666666666667,1166.4730970134692
21.75,1168.0680847787635
21.758333333333333,1170.2476129527902
21.766666666666666,1171.8366896229538
21.775,1173.4463418699158
21.78333333333333,1175.2024224254233
21.791666666666668,1176.8409955232714
21.8,1178.7663278292484
21.808333333333334,1180.226738273339
21.816666666666666,1182.1333271663812
21.825,1184.28106906999
21.833333333333332,1186.7462256330673
21.841666666666665,1189.3115137429063
21.85,1191.4942314503955
21.858333333333334,1193.6692124743702
21.866666666666667,1196.2324788904582
21.875,1198.9739511242215
21.883333333333333,1201.5949432239822
21.891666666666666,1204.4410841807971
21.9,1207.0073122266483
21.90833333333333,1209.9905836633745
21.916666666666668,1213.0940155692697
21.925,1216.0588983790558
21.933333333333334,1219.1284633354246
21.941666666666666,1222.1490589920854
21.95,1225.4462223307007
21.958333333333332,1228.7306059811726
21.966666666666665,1232.489049900028
21.975,1236.1321624445914
21.983333333333334,1240.0652506423683
21.991666666666667,1243.785115257525
22.0,1247.0511504459678
22.008333333333333,1250.0455263786912
22.016666666666666,1253.223089312355
22.025,1256.3523639356013
22.03333333333333,1258.9457718675308
22.041666666666668,1261.9545589240297
22.05,1264.8700072109207
22.058333333333334,1267.7086111871042
22.066666666666666,1271.2837174980543
22.075,1274.6448958007395
22.083333333333332,1278.4094417159658
22.091666666666665,1281.8375999062466
22.1,1285.421161115832
22.108333333333334,1289.061274858511
22.116666666666667,1293.4837608717935
22.125,1298.0806126142506
22.133333333333333,1302.1999453892552
22.141666666666666,1306.008247166526
22.15,1309.8449314773254
22.15833333333333,1313.8658608497335
22.166666666666668,1318.1124089593836
22.175,1322.8083818472421
22.183333333333334,1327.1357192826438
22.191666666666666,1332.1765610267726
22.2,1336.8611341646995
22.208333333333332,1342.0580391643055
22.216666666666665,1347.422450735941
22.225,1355.1099730257552
22.233333333333334,1362.7190686549516
22.241666666666667,1370.249193100853
22.25,1375.9356430523299
22.258333333333333,1381.176549104579
22.266666666666666,1386.9029447817202
22.275,1392.5553800799107
22.28333333333333,1398.4475513177358
22.291666666666668,1404.6849037336751
22.3,1410.2426372730695
22.308333333333334,1416.122125107258
22.316666666666666,1421.693251207104
22.325,1427.6228056279574
22.333333333333332,1433.0729167176376
22.341666666666665,1438.9783750243575
22.35,1444.2448610545634
22.358333333333334,1449.812101805129
22.366666666666667,1455.5992709102686
22.375,1461.5357816021885
22.383333333333333,1466.9888524428657
22.391666666666666,1473.607085906679
22.4,1479.9421757882255
22.40833333333333,1479.5307220958157
22.416666666666668,1486.0259267549332
22.425,1491.8515052343885
22.433333333333334,1491.38386604113
22.441666666666666,1497.3298096699284
22.45,1497.1606750426524
22.458333333333332,1503.642628289545
22.466666666666665,1510.841534585959
22.475,1517.2575265991761
22.483333333333334,1516.4200535861992
22.491666666666667,1523.279217211242
22.5,1522.0607573420698
22.508333333333333,1521.0683350060472
22.516666666666666,1519.9487450270865
22.525,1518.8725055876157
22.53333333333333,1518.3577244191765
22.541666666666668,1517.0308009916766
22.55,1516.2527758291174
22.558333333333334,1515.1192120975848
22.566666666666666,1514.0783072691358
22.575,1513.062438301268
22.583333333333332,1511.258059856168
22.591666666666665,1509.38319640933
22.6,1506.9807469881293
22.608333333333334,1505.7455804729677
22.616666666666667,1503.8823287914636
22.625,1502.1353601046449
22.633333333333333,1500.2680525360843
22.641666666666666,1498.2589668677062
22.65,1496.2227954968096
22.65833333333333,1494.693541795935
22.666666666666668,1492.3349908575046
22.675,1491.257779081736
22.683333333333334,1489.0096702936246
22.691666666666666,1487.2388773314367
22.7,1486.0907238026884
22.708333333333332,1484.417364823702
22.716666666666665,1483.0417356086489
22.725,1481.3729564954558
22.733333333333334,1480.1893196499673
22.741666666666667,1478.6275866572018
22.75,1477.9148244157352
22.758333333333333,1476.6612766874853
22.766666666666666,1475.740505474623
22.775,1474.6542523917742
22.78333333333333,1473.4342587131782
22.791666666666668,1471.6335196730988
22.8,1470.5085855011498
22.808333333333334,1469.3655663999687
22.816666666666666,1467.8453079933859
22.825,1466.0293254955664
22.833333333333332,1464.119787542516
22.841666666666665,1462.6116497442583
22.85,1461.2637683565204
22.858333333333334,1459.4015887313064
22.866666666666667,1457.3240631288684
22.875,1454.6565661389236
22.883333333333333,1452.3105724359154
22.891666666666666,1449.6024168125823
22.9,1446.6873118084914
22.90833333333333,1444.7033101711947
22.916666666666668,1442.3100663483342
22.925,1440.195633876834
22.933333333333334,1437.4063970377545
22.941666666666666,1434.4224144337913
22.95,1431.9437953104361
22.958333333333332,1429.229716607862
22.966666666666665,1426.9384400738998
22.975,1424.0097249162943
22.983333333333334,1420.6160623023568
22.991666666666667,1417.4052007641756
23.0,1414.0117245253339
23.008333333333333,1410.256967715938
23.016666666666666,1406.9942297638793
23.025,1403.5848912470897
23.03333333333333,1400.6202443241332
23.041666666666668,1397.432867066421
23.05,1394.0737867753091
23.058333333333334,1390.3122860097842
23.066666666666666,1387.2140140185995
23.075,1383.8779487778959
23.083333333333332,1381.0543018013536
23.091666666666665,1378.7662650054588
23.1,1376.4277379247276
23.108333333333334,1375.1704777356472
23.116666666666667,1372.2286341120748
23.125,1369.9774061370683
23.133333333333333,1368.3526524936922
23.141666666666666,1364.3094719472094
23.15,1361.7770579257615
23.15833333333333,1357.0294890781447
23.166666666666668,1354.303207617398
23.175,1349.8561827763394
23.183333333333334,1345.9959051956055
23.191666666666666,1341.8825140615206
23.2,1336.987189324495
23.208333333333332,1333.341953629525
23.216666666666665,1329.5210964261735
23.225,1326.0145120104164
23.233333333333334,1321.3326980452205
23.241666666666667,1317.0647873499688
23.25,1312.3841716377324
23.258333333333333,1309.0740447036112
23.266666666666666,1304.0926358507884
23.275,1300.7139662283662
23.28333333333333,1295.2314767379455
23.291666666666668,1292.6106168592457
23.3,1288.160333094779
23.308333333333334,1285.0049357820324
23.316666666666666,1281.4144150567358
23.325,1277.0160193944967
23.333333333333332,1273.5859812988504
23.341666666666665,1268.597777944124
23.35,1265.3512050448282
23.358333333333334,1261.0441851685239
23.366666666666667,1258.2083861273688
23.375,1254.3373506402677
23.383333333333333,1250.4843408981287
23.391666666666666,1246.6501799653734
23.4,1243.6560731470736
23.40833333333333,1240.6533044756266
23.416666666666668,1239.416597878696
23.425,1235.123458707036
23.433333333333334,1232.2293710667775
23.441666666666666,1230.249015958567
23.45,1226.8325064767384
23.458333333333332,1226.1596833212811
23.466666666666665,1223.9985663900993
23.475,1223.807070206464
23.483333333333334,1223.0474977828387
23.491666666666667,1221.5770383174781
23.5,1221.2943460684949
23.508333333333333,1219.2712452890826
23.516666666666666,1218.795942226795
23.525,1216.6955778009192
23.53333333333333,1214.9087487487557
23.541666666666668,1211.954061039797
23.55,1210.242269280515
23.558333333333334,1207.445139959128
23.566666666666666,1206.2537650050776
23.575,1204.7490260529405
23.583333333333332,1202.599527187284
23.591666666666665,1204.7523735433426
23.6,1204.6520693677314
23.608333333333334,1208.6890746401618
23.616666666666667,1210.9755154243496
23.625,1213.57576782896
23.633333333333333,1215.9734843720867
23.641666666666666,1218.1728253410547
23.65,1221.0347140753279
23.65833333333333,1223.0822549832244
23.666666666666668,1225.5421953525106
23.675,1227.7396623765428
23.683333333333334,1231.9275471826259
23.691666666666666,1234.9044837341942
23.7,1236.9396362073578
23.708333333333332,1242.185519138438
23.716666666666665,1247.162951135279
23.725,1251.657781130928
23.733333333333334,1251.3533356525004
23.741666666666667,1250.1962787197706
23.75,1249.973068820776
23.758333333333333,1252.789711562
23.766666666666666,1255.2242783631775
23.775,1258.6404388762448
23.78333333333333,1260.7864402711757
23.791666666666668,1260.2884797868137
23.8,1263.380957924038
23.808333333333334,1267.078666724478
23.816666666666666,1281.2675028315323
23.825,1284.5286659710505
23.833333333333332,1284.7649023446156
23.841666666666665,1278.4133388625485
23.85,1282.0952325368287
23.858333333333334,1297.2523487645724
23.866666666666667,1300.7317759024677
23.875,1320.9774005822364
23.883333333333333,1321.0846881551008
23.891666666666666,1325.7389048975776
23.9,1347.1372286472747
23.90833333333333,1352.955185547111
23.916666666666668,1416.1003486738869
23.925,1392.260471118746
23.933333333333334,1441.45022846036
23.941666666666666,1393.8019439877537
