lag_frame[sec],NGP_[dimensionless]
0.008333333333333333,4.758610968429572
0.016666666666666666,2.677716673028834
0.025,1.9214773853209417
0.03333333333333333,1.5303059544232709
0.041666666666666664,1.3052751797772215
0.05,1.1606244010100797
0.058333333333333334,1.0367130602526293
0.06666666666666667,0.982597109850045
0.075,0.9157450170053165
0.08333333333333333,0.8562206543115245
0.09166666666666666,0.7999954216080531
0.1,0.7707434304683518
0.10833333333333334,0.7254863956225035
0.11666666666666667,0.6872227702795379
0.125,0.6689266056069358
0.13333333333333333,0.6383895243539557
0.14166666666666666,0.6268930996068613
0.15,0.6066652991365347
0.15833333333333333,0.5940499929567025
0.16666666666666666,0.5707567247703735
0.175,0.5567514235754392
0.18333333333333332,0.544555462281376
0.19166666666666665,0.5295982601571327
0.2,0.518718077929704
0.20833333333333334,0.5091998215047882
0.21666666666666667,0.4981016446038611
0.225,0.4937584752292099
0.23333333333333334,0.48443647459015793
0.24166666666666667,0.4737666269795586
0.25,0.46408130885874366
0.2583333333333333,0.45869523660356704
0.26666666666666666,0.45676604588912406
0.275,0.4514997809161405
0.2833333333333333,0.44407459151130557
0.2916666666666667,0.440822943874563
0.3,0.4383027170126017
0.30833333333333335,0.4379106935082193
0.31666666666666665,0.4321289151704917
0.325,0.4324768811751216
0.3333333333333333,0.42608349597885065
0.3416666666666667,0.42376407517361203
0.35,0.4177876798437872
0.35833333333333334,0.41321587082941247
0.36666666666666664,0.4080979600807466
0.375,0.4049847286299957
0.3833333333333333,0.3996976598891837
0.39166666666666666,0.3963636724315618
0.4,0.39356031407483894
0.4083333333333333,0.38818083743055865
0.4166666666666667,0.3835656942171446
0.425,0.37639700013511
0.43333333333333335,0.3726218245686057
0.44166666666666665,0.36841204775939795
0.45,0.3632686261566942
0.4583333333333333,0.3604879852264975
0.4666666666666667,0.3572701382684498
0.475,0.3545678843970299
0.48333333333333334,0.35205406314740495
0.49166666666666664,0.3500084969281676
0.5,0.3449554278454219
0.5083333333333333,0.34295944132484
0.5166666666666666,0.3395520271029515
0.525,0.33839809901865037
0.5333333333333333,0.33609709941038335
0.5416666666666666,0.3337854186294402
0.55,0.3293606141759253
0.5583333333333333,0.3276740519188073
0.5666666666666667,0.3258481318159132
0.575,0.3244907979677747
0.5833333333333334,0.3227195999810637
0.5916666666666667,0.3220681166800461
0.6,0.3221798223672194
0.6083333333333333,0.3197649963628957
0.6166666666666667,0.318792601831954
0.625,0.31826074491215683
0.6333333333333333,0.32005536331890494
0.6416666666666666,0.3179706533101381
0.65,0.3166658567544558
0.6583333333333333,0.3159733236415969
0.6666666666666666,0.3150533542406595
0.675,0.3125497878679291
0.6833333333333333,0.3120660175280303
0.6916666666666667,0.3108113777829886
0.7,0.31071553195970547
0.7083333333333334,0.3112798158466241
0.7166666666666667,0.30978550244845704
0.725,0.30990516845578586
0.7333333333333333,0.3086398888526951
0.7416666666666667,0.30653345209420624
0.75,0.3063880556926839
0.7583333333333333,0.30455059481215274
0.7666666666666666,0.3035441520831008
0.775,0.3030575950634624
0.7833333333333333,0.3024499121335309
0.7916666666666666,0.3021957838969911
0.8,0.30234200763040264
0.8083333333333333,0.3018513678375081
0.8166666666666667,0.30178935040744714
0.825,0.30249208337461053
0.8333333333333334,0.3021610249289304
0.8416666666666667,0.30275787424240086
0.85,0.30331915736124304
0.8583333333333333,0.30378409498010517
0.8666666666666667,0.30469895306182004
0.875,0.3051278912239117
0.8833333333333333,0.30570376872974303
0.8916666666666666,0.3062041936749704
0.9,0.30598827455758615
0.9083333333333333,0.3059152519540085
0.9166666666666666,0.30714891533082955
0.9249999999999999,0.3068360233762697
0.9333333333333333,0.3071077581003312
0.9416666666666667,0.30705004495781596
0.95,0.30735199504072575
0.9583333333333334,0.307810136522116
0.9666666666666667,0.30768736007029207
0.975,0.30727517687256745
0.9833333333333333,0.30759686140925346
0.9916666666666667,0.3076469228323857
1.0,0.30748294706021273
1.0083333333333333,0.30816537714918657
1.0166666666666666,0.308337120864155
1.025,0.3080512144376646
1.0333333333333332,0.3072764326790369
1.0416666666666667,0.30670534267683913
1.05,0.3064013182128307
1.0583333333333333,0.3063231797326815
1.0666666666666667,0.3054374207262489
1.075,0.3046421088567679
1.0833333333333333,0.3041183894504622
1.0916666666666666,0.30322316300025176
1.1,0.3028502715095096
1.1083333333333334,0.30172504501747976
1.1166666666666667,0.30002798073309767
1.125,0.2997622811725631
1.1333333333333333,0.29912463065339057
1.1416666666666666,0.2975689662878598
1.15,0.29686505149000353
1.1583333333333332,0.29595946687761354
1.1666666666666667,0.29575807054729597
1.175,0.29562864792113785
1.1833333333333333,0.2946495638176534
1.1916666666666667,0.29430827573595253
1.2,0.29382086122125384
1.2083333333333333,0.2937325822752783
1.2166666666666666,0.2932388968940851
1.225,0.2931292300712063
1.2333333333333334,0.293200465602544
1.2416666666666667,0.29268647213558485
1.25,0.2919936783042796
1.2583333333333333,0.2919558030904288
1.2666666666666666,0.2912747419754578
1.275,0.29113727577832593
1.2833333333333332,0.29044461458193616
1.2916666666666667,0.2895831917660108
1.3,0.28882630744749194
1.3083333333333333,0.28878777141597056
1.3166666666666667,0.28786715837565047
1.325,0.2881973432058127
1.3333333333333333,0.2878959142857558
1.3416666666666666,0.28779297010412686
1.35,0.2870098041699638
1.3583333333333334,0.2861902232539524
1.3666666666666667,0.28612486346630317
1.375,0.28581674975724924
1.3833333333333333,0.2842462483066732
1.3916666666666666,0.2845295388526947
1.4,0.2850055002501348
1.4083333333333332,0.28434856677085163
1.4166666666666667,0.2835469406873177
1.425,0.28432722728728765
1.4333333333333333,0.2833503673369826
1.4416666666666667,0.282710121468724
1.45,0.2825500551956861
1.4583333333333333,0.28297587969417237
1.4666666666666666,0.28305235018828157
1.475,0.28328375776861314
1.4833333333333334,0.2836999104840341
1.4916666666666667,0.2836451531763118
1.5,0.28362873789194754
1.5083333333333333,0.2843343148603743
1.5166666666666666,0.284876553592583
1.525,0.28589384061569345
1.5333333333333332,0.2862256067695863
1.5416666666666667,0.2865489332359552
1.55,0.2872394529795754
1.5583333333333333,0.287635751260815
1.5666666666666667,0.28858672562946586
1.575,0.28895186282116603
1.5833333333333333,0.2893981391689162
1.5916666666666666,0.28986172034197333
1.6,0.29006822008854005
1.6083333333333334,0.2904761765068431
1.6166666666666667,0.2907487407184155
1.625,0.29070201279135977
1.6333333333333333,0.290321261819136
1.6416666666666666,0.2902763421468961
1.65,0.2902758521570301
1.6583333333333332,0.2900253142855398
1.6666666666666667,0.2899808694278354
1.675,0.29020137517907685
1.6833333333333333,0.2896980822921478
1.6916666666666667,0.2897717707491483
1.7,0.28931875415315855
1.7083333333333333,0.2895923998812311
1.7166666666666666,0.28907037300138616
1.7249999999999999,0.288845954734416
1.7333333333333334,0.288629550076956
1.7416666666666667,0.28847235155345263
1.75,0.2882321535056289
1.7583333333333333,0.28784909555373717
1.7666666666666666,0.2874908253225006
1.775,0.2870766202482369
1.7833333333333332,0.28694132712613984
1.7916666666666667,0.28649548268940195
1.8,0.2857017090092062
1.8083333333333333,0.28517034870216595
1.8166666666666667,0.2846418073022732
1.825,0.2838304242100702
1.8333333333333333,0.2830935797933638
1.8416666666666666,0.28245650306106773
1.8499999999999999,0.2816954539756129
1.8583333333333334,0.2815816619257696
1.8666666666666667,0.2813921356529441
1.875,0.28037911507416147
1.8833333333333333,0.27998974840631474
1.8916666666666666,0.27966441420499244
1.9,0.2792969794702773
1.9083333333333332,0.27852214767075756
1.9166666666666667,0.27812207468130423
1.925,0.27780547654461807
1.9333333333333333,0.27721920320204685
1.9416666666666667,0.2765124250644393
1.95,0.2762720556152283
1.9583333333333333,0.2760109599443983
1.9666666666666666,0.27571890012101297
1.9749999999999999,0.2750543608911571
1.9833333333333334,0.27452903472712076
1.9916666666666667,0.27411115052138846
2.0,0.27342880523395663
2.0083333333333333,0.27253385770963345
2.0166666666666666,0.27217300510592146
2.025,0.2718392592809902
2.033333333333333,0.271587784577467
2.0416666666666665,0.27079590332053294
2.05,0.2705302191514223
2.058333333333333,0.27032333326816627
2.0666666666666664,0.2696568265495043
2.075,0.2690279623706031
2.0833333333333335,0.2685080568613434
2.091666666666667,0.2677965584243842
2.1,0.2674995630497701
2.1083333333333334,0.2670126456917943
2.1166666666666667,0.26649659708707807
2.125,0.26584687627611947
2.1333333333333333,0.26537417882086034
2.1416666666666666,0.2646835416266846
2.15,0.26358460255465244
2.158333333333333,0.2627775735717808
2.1666666666666665,0.26238795333167064
2.175,0.2616065322432597
2.183333333333333,0.26047113313541304
2.1916666666666664,0.2602843718708565
2.2,0.26004296545698913
2.2083333333333335,0.25956064910913357
2.216666666666667,0.25883647692136535
2.225,0.25875383467802093
2.2333333333333334,0.25853940654676233
2.2416666666666667,0.2582850618086685
2.25,0.2577358078980376
2.2583333333333333,0.2569996988754213
2.2666666666666666,0.2562842871258235
2.275,0.2560833818677204
2.283333333333333,0.2552116520561354
2.2916666666666665,0.25520402501073725
2.3,0.2549944951976919
2.308333333333333,0.2550958322375192
2.3166666666666664,0.2546121150957592
2.325,0.25401161867906397
2.3333333333333335,0.2533902335566831
2.341666666666667,0.2531908356647121
2.35,0.25253433392460933
2.3583333333333334,0.25217487667221916
2.3666666666666667,0.25158518358066195
2.375,0.2511095453485246
2.3833333333333333,0.25061925708520594
2.3916666666666666,0.2507740770807385
2.4,0.2503330645660824
2.408333333333333,0.249726187561075
2.4166666666666665,0.2490839324511187
2.425,0.24858469296685048
2.433333333333333,0.24826059903078979
2.4416666666666664,0.24762733129172254
2.45,0.24729705673700053
2.4583333333333335,0.24708277675832124
2.466666666666667,0.24669453600610858
2.475,0.24630169179367845
2.4833333333333334,0.2457868628088793
2.4916666666666667,0.2451377256334053
2.5,0.24437500118157351
2.5083333333333333,0.24388928445909186
2.5166666666666666,0.24397169424005116
2.525,0.243504973291359
2.533333333333333,0.24342032229937804
2.5416666666666665,0.24330532487553502
2.55,0.24256080403864644
2.558333333333333,0.2419816063409368
2.5666666666666664,0.24151350872804778
2.575,0.24070233036971844
2.5833333333333335,0.23979499023750872
2.591666666666667,0.23904306643876239
2.6,0.23802095174472315
2.6083333333333334,0.2373354762120754
2.6166666666666667,0.23670973070452583
2.625,0.23676004739074386
2.6333333333333333,0.23647021542449465
2.6416666666666666,0.2360887056604546
2.65,0.23625037569955487
2.658333333333333,0.23608929430584502
2.6666666666666665,0.235145885898431
2.675,0.2352625118258913
2.683333333333333,0.23512768513958227
2.6916666666666664,0.23501367281550567
2.7,0.23461549375716562
2.7083333333333335,0.23418354094520266
2.716666666666667,0.23358261274706615
2.725,0.23304837506163212
2.7333333333333334,0.23285021332464084
2.7416666666666667,0.23224183369476448
2.75,0.23175876787522331
2.7583333333333333,0.23142727717348266
2.7666666666666666,0.23127606457515504
2.775,0.23134359311960462
2.783333333333333,0.23121289582149274
2.7916666666666665,0.23127388085209355
2.8,0.23106769817192574
2.808333333333333,0.2307148466797273
2.8166666666666664,0.23090825550193128
2.825,0.2308674710148273
2.8333333333333335,0.2305831750235272
2.841666666666667,0.23058060030159444
2.85,0.2306556848160095
2.8583333333333334,0.23051543450126855
2.8666666666666667,0.2307427054635307
2.875,0.23043820283259375
2.8833333333333333,0.2301509051239854
2.8916666666666666,0.22906152591280038
2.9,0.22877784545645619
2.908333333333333,0.22859445993399707
2.9166666666666665,0.22873906199017413
2.925,0.22880500481942656
2.933333333333333,0.22869085931231026
2.9416666666666664,0.22830696236032266
2.95,0.22836354233483225
2.9583333333333335,0.22822166686507606
2.966666666666667,0.22803139156943808
2.975,0.2280115365069062
2.9833333333333334,0.22795847799495617
2.9916666666666667,0.2277618951735707
3.0,0.2275916862171743
3.0083333333333333,0.2274009567585613
3.0166666666666666,0.2274392251156767
3.025,0.22740233616751615
3.033333333333333,0.22738550266938096
3.0416666666666665,0.22679417276888691
3.05,0.22670998115556418
3.058333333333333,0.22663582452781195
3.0666666666666664,0.22656442007608946
3.075,0.22677567406182408
3.0833333333333335,0.2262262551950307
3.091666666666667,0.22652057254583857
3.1,0.2265373521428662
3.1083333333333334,0.22659714044661894
3.1166666666666667,0.2258080131130371
3.125,0.22631662282085174
3.1333333333333333,0.22638602052744283
3.1416666666666666,0.2265220980314877
3.15,0.22607890779436968
3.158333333333333,0.22587840837741124
3.1666666666666665,0.22577711349843121
3.175,0.22590675017626394
3.183333333333333,0.22623446014135884
3.1916666666666664,0.22623872879593598
3.2,0.22654414277646517
3.2083333333333335,0.22598848887073286
3.216666666666667,0.22564388543818148
3.225,0.22575074411918572
3.2333333333333334,0.22586059967024763
3.2416666666666667,0.22564486975718867
3.25,0.225707800703574
3.2583333333333333,0.2256931499155861
3.2666666666666666,0.22515255650636012
3.275,0.22451964474405006
3.283333333333333,0.22452400360903968
3.2916666666666665,0.2244764836096409
3.3,0.22436814512663172
3.308333333333333,0.2240241598597983
3.3166666666666664,0.22383281124081988
3.3249999999999997,0.22404367578567963
3.3333333333333335,0.22360388486653138
3.341666666666667,0.22354766123884318
3.35,0.2229618463646046
3.3583333333333334,0.22273875267039456
3.3666666666666667,0.22263326277701534
3.375,0.2225845605765766
3.3833333333333333,0.22207735984092314
3.3916666666666666,0.22162804864377628
3.4,0.22140195256569228
3.408333333333333,0.22115800206574976
3.4166666666666665,0.22121032914955263
3.425,0.22082025240438674
3.433333333333333,0.22043929852402155
3.4416666666666664,0.21961769849999935
3.4499999999999997,0.21930518957167866
3.4583333333333335,0.21927743746459094
3.466666666666667,0.2184941202572641
3.475,0.21805998351722544
3.4833333333333334,0.21767717336036974
3.4916666666666667,0.21720576503591849
3.5,0.2168480515450435
3.5083333333333333,0.21657233768788564
3.5166666666666666,0.216242274128587
3.525,0.21573883093333635
3.533333333333333,0.21520671915179168
3.5416666666666665,0.21480249190425282
3.55,0.21423575017321328
3.558333333333333,0.21365069445905882
3.5666666666666664,0.2133858333056844
3.5749999999999997,0.21276084005026963
3.5833333333333335,0.21214531635560752
3.591666666666667,0.21163936684359874
3.6,0.2111450327435065
3.6083333333333334,0.21046314770229446
3.6166666666666667,0.21007358086768524
3.625,0.2098532122497554
3.6333333333333333,0.20983493794823338
3.6416666666666666,0.20931128996534576
3.65,0.20889574436018665
3.658333333333333,0.20858911406185365
3.6666666666666665,0.20837621102453086
3.675,0.20806880060105581
3.683333333333333,0.20809077943321408
3.6916666666666664,0.20789756593001352
3.6999999999999997,0.20801416457921396
3.7083333333333335,0.20773761120645928
3.716666666666667,0.20773875510964013
3.725,0.20756621533550712
3.7333333333333334,0.20791591223637784
3.7416666666666667,0.2079845017615356
3.75,0.20808340394762714
3.7583333333333333,0.20847182967631595
3.7666666666666666,0.2087605403178736
3.775,0.2090369682231734
3.783333333333333,0.2098317572915347
3.7916666666666665,0.20988891786338293
3.8,0.2098758254536346
3.808333333333333,0.21000198875524156
3.8166666666666664,0.21013883471419104
3.8249999999999997,0.21070208111371969
3.8333333333333335,0.21099174433837775
3.841666666666667,0.2112001445323013
3.85,0.21194016069030686
3.8583333333333334,0.21265656114613307
3.8666666666666667,0.21347256521952795
3.875,0.21383229258236547
3.8833333333333333,0.2143762893360015
3.8916666666666666,0.21481441769977572
3.9,0.21568190968741519
3.908333333333333,0.21612614689031928
3.9166666666666665,0.21639516718692842
3.925,0.2169271834223021
3.933333333333333,0.217424553730849
3.9416666666666664,0.2181445905817796
3.9499999999999997,0.2186817800429557
3.9583333333333335,0.21979920260029728
3.966666666666667,0.22027141747730394
3.975,0.22079055800393244
3.9833333333333334,0.22116941415827385
3.9916666666666667,0.22181987596950625
4.0,0.22237462221394755
4.008333333333333,0.22302865765665025
4.016666666666667,0.22333724354468298
4.025,0.22395980931022286
4.033333333333333,0.22427902417799883
4.041666666666667,0.22478070300705455
4.05,0.22518319708190537
4.058333333333334,0.22564202187477167
4.066666666666666,0.22595792784940127
4.075,0.2262046000780471
4.083333333333333,0.22626598290818012
4.091666666666667,0.22630472108352317
4.1,0.22683758280414623
4.108333333333333,0.2268971184227342
4.116666666666666,0.22724503378065508
4.125,0.22757342961789462
4.133333333333333,0.22783636263891616
4.141666666666667,0.22835691999611263
4.15,0.22853254414450008
4.158333333333333,0.22887219451406482
4.166666666666667,0.22917848203809976
4.175,0.22956487333206632
4.183333333333334,0.23018454224902807
4.191666666666666,0.23071392190694362
4.2,0.23150008660675714
4.208333333333333,0.23206938331357896
4.216666666666667,0.23250794342103065
4.225,0.23346924046790773
4.233333333333333,0.2338861648149324
4.241666666666666,0.23413990952774655
4.25,0.23441440868510544
4.258333333333333,0.23509865201942604
4.266666666666667,0.23537107974966198
4.275,0.2356540724016023
4.283333333333333,0.2362108199287234
4.291666666666667,0.2365200865444319
4.3,0.23685437919202168
4.308333333333334,0.23685583221845552
4.316666666666666,0.23672309636645839
4.325,0.23684599703053144
4.333333333333333,0.23691013643674852
4.341666666666667,0.23668332238281664
4.35,0.23683432761551293
4.358333333333333,0.23676488298954834
4.366666666666666,0.23649697416128146
4.375,0.23682888060838447
4.383333333333333,0.2362638230972911
4.391666666666667,0.23604590702694206
4.4,0.23618027908316463
4.408333333333333,0.2359666065923003
4.416666666666667,0.23578359810147642
4.425,0.23550887259259246
4.433333333333334,0.23533852954232004
4.441666666666666,0.23524113731264107
4.45,0.2354192016091936
4.458333333333333,0.23499428543847678
4.466666666666667,0.2348115201170693
4.475,0.23466044248419604
4.483333333333333,0.23427685379333618
4.491666666666666,0.23389006002263235
4.5,0.23379566330188428
4.508333333333333,0.2335043227743392
4.516666666666667,0.23323367072277135
4.525,0.23277580203079506
4.533333333333333,0.232465620977385
4.541666666666667,0.23205899674077668
4.55,0.2316342095705779
4.558333333333334,0.2309777798282886
4.566666666666666,0.23072771379430645
4.575,0.23030465656565324
4.583333333333333,0.23006775217620445
4.591666666666667,0.22999506906240774
4.6,0.22967598544769352
4.608333333333333,0.22940493972010056
4.616666666666666,0.22910903972417085
4.625,0.22905741930809076
4.633333333333333,0.228692084449011
4.641666666666667,0.22834947649414428
4.65,0.22835718847363595
4.658333333333333,0.22839149354048782
4.666666666666667,0.22784629198214779
4.675,0.22713347515350835
4.683333333333334,0.2272446483321855
4.691666666666666,0.22710653723755114
4.7,0.22651353031963528
4.708333333333333,0.2264335790806793
4.716666666666667,0.22647818344821968
4.725,0.22674968611301582
4.733333333333333,0.22676753678624917
4.741666666666666,0.22651546319438842
4.75,0.2267536438183464
4.758333333333333,0.2267245941093048
4.766666666666667,0.22673999896670471
4.775,0.22620429528278474
4.783333333333333,0.2263716768894537
4.791666666666667,0.22635590217874113
4.8,0.22637788948642545
4.808333333333334,0.22624819570868837
4.816666666666666,0.22576771842320476
4.825,0.22538210776850964
4.833333333333333,0.22525378597137324
4.841666666666667,0.22441253235507586
4.85,0.2246812596469998
4.858333333333333,0.22409615378266268
4.866666666666666,0.2239232195738352
4.875,0.22367836516685258
4.883333333333333,0.22345440773821323
4.891666666666667,0.22356279401168755
4.9,0.2238901178718531
4.908333333333333,0.2239675423008951
4.916666666666667,0.2238683221628721
4.925,0.22424058572827832
4.933333333333334,0.22406995489403014
4.941666666666666,0.22406336304233165
4.95,0.22446504759368557
4.958333333333333,0.22467154075719042
4.966666666666667,0.22501024687284565
4.975,0.2248374866323013
4.983333333333333,0.22433089412006035
4.991666666666666,0.2242747013734283
5.0,0.22388440161286982
5.008333333333333,0.2234559968460199
5.016666666666667,0.22316996524938437
5.025,0.22275721183617825
5.033333333333333,0.22224283278517065
5.041666666666667,0.22176534900453304
5.05,0.22145859786042
5.058333333333334,0.22096268494840232
5.066666666666666,0.22063281699399728
5.075,0.22029119191984403
5.083333333333333,0.22001641535874206
5.091666666666667,0.219850763588749
5.1,0.21971265102591309
5.108333333333333,0.2194368263856603
5.116666666666666,0.21949448653910797
5.125,0.21915374841637703
5.133333333333333,0.219061292561048
5.141666666666667,0.21886365743825542
5.15,0.21823949072990034
5.158333333333333,0.21820347046466293
5.166666666666667,0.21791519827685923
5.175,0.2176717166765083
5.183333333333334,0.21708669718147422
5.191666666666666,0.21673816869155904
5.2,0.21625427448472312
5.208333333333333,0.21583017612211886
5.216666666666667,0.21528979038240226
5.225,0.21477683846402407
5.233333333333333,0.2142647186758735
5.241666666666666,0.21359499427372053
5.25,0.21335979760773216
5.258333333333333,0.21285752484571785
5.266666666666667,0.21237197987659773
5.275,0.21190367903970264
5.283333333333333,0.21200736650735008
5.291666666666667,0.2118867048003743
5.3,0.21109099030905876
5.308333333333334,0.21100357543368964
5.316666666666666,0.21088464234821047
5.325,0.2108721094983128
5.333333333333333,0.21046685412338517
5.341666666666667,0.20964856177406976
5.35,0.21006396046387765
5.358333333333333,0.20979906536460557
5.366666666666666,0.20962551192481826
5.375,0.20963472804879957
5.383333333333333,0.20897006976069998
5.391666666666667,0.20854162451368508
5.4,0.20822236746518907
5.408333333333333,0.20814149219564126
5.416666666666667,0.20713287383104184
5.425,0.20656586251124387
5.433333333333334,0.20647620028869218
5.441666666666666,0.20607317230428102
5.45,0.20554660406269054
5.458333333333333,0.2051793223309235
5.466666666666667,0.20481022351478284
5.475,0.20410748335148732
5.483333333333333,0.20337137008582484
5.491666666666666,0.20295978195981168
5.5,0.2020108191899126
5.508333333333333,0.2011712578191751
5.516666666666667,0.20040661025503725
5.525,0.19966389572773413
5.533333333333333,0.19871854171162795
5.541666666666667,0.1978680089175413
5.55,0.19705497948866135
5.558333333333334,0.1967839689205204
5.566666666666666,0.1960033209958636
5.575,0.19545338055298722
5.583333333333333,0.1947456026507155
5.591666666666667,0.1940759335775144
5.6,0.19341584161630498
5.608333333333333,0.19274845799654217
5.616666666666666,0.19226160772629108
5.625,0.191726277326703
5.633333333333333,0.19126007986465843
5.641666666666667,0.19071690946215725
5.65,0.1905622003637053
5.658333333333333,0.19003375655487154
5.666666666666667,0.1897200768105265
5.675,0.18913199104392464
5.683333333333334,0.18861713587118456
5.691666666666666,0.18842177523257364
5.7,0.1881182452174015
5.708333333333333,0.1877772722127924
5.716666666666667,0.1874491866686585
5.725,0.18712039072779363
5.733333333333333,0.18678027218299253
5.741666666666666,0.18656979151633934
5.75,0.18633812058526456
5.758333333333333,0.18583951231302742
5.766666666666667,0.18557664130649787
5.775,0.18508592838125493
5.783333333333333,0.1845823021673072
5.791666666666667,0.18416125716354426
5.8,0.18360366780294224
5.808333333333334,0.182954373627793
5.816666666666666,0.1822129819311884
5.825,0.1814979225276685
5.833333333333333,0.1808101714586472
5.841666666666667,0.18002840977282442
5.85,0.1796030631219787
5.858333333333333,0.1787506856251344
5.866666666666666,0.17839692732244727
5.875,0.17758928249592598
5.883333333333333,0.1769787777231595
5.891666666666667,0.1763240493024092
5.9,0.17582170029183564
5.908333333333333,0.17540088270356202
5.916666666666667,0.17479156812751362
5.925,0.17431827692263346
5.933333333333334,0.17372687937592168
5.941666666666666,0.17273599440767162
5.95,0.1721607212118923
5.958333333333333,0.1712663315100853
5.966666666666667,0.17063125776241872
5.975,0.17003444342331897
5.983333333333333,0.16948932504960124
5.991666666666666,0.1688540063455175
6.0,0.1682565510114662
6.008333333333333,0.16771012360547077
6.016666666666667,0.16714170903275583
6.025,0.16656909608723347
6.033333333333333,0.16571882748321665
6.041666666666667,0.16489077688755782
6.05,0.16425733631694306
6.058333333333334,0.16353792103276543
6.066666666666666,0.16306103438689012
6.075,0.1623574044670335
6.083333333333333,0.1619022776876391
6.091666666666667,0.16135200870124944
6.1,0.16115542938971017
6.108333333333333,0.16084830282166118
6.116666666666666,0.16054564026082274
6.125,0.16018588989951033
6.133333333333333,0.15993648874966016
6.141666666666667,0.15966520859883238
6.15,0.1595152369629369
6.158333333333333,0.1593688822111612
6.166666666666667,0.15896910670263975
6.175,0.1587258109669547
6.183333333333334,0.15849713385171094
6.191666666666666,0.15822196433853097
6.2,0.15807891102061955
6.208333333333333,0.1580847111417636
6.216666666666667,0.15817430644428043
6.225,0.1582250430050327
6.233333333333333,0.1579361975214204
6.241666666666666,0.15782148552928232
6.25,0.1575392050786666
6.258333333333333,0.15738141050931143
6.266666666666667,0.15742653773643323
6.275,0.1570874703980738
6.283333333333333,0.15685300812623115
6.291666666666667,0.15638744068524213
6.3,0.15619566642776972
6.308333333333334,0.15607755965847048
6.316666666666666,0.1557301439433929
6.325,0.1556313416154418
6.333333333333333,0.15523165940274675
6.341666666666667,0.15469579662848476
6.35,0.15462639999866634
6.358333333333333,0.15430912588612955
6.366666666666666,0.15397880230855465
6.375,0.1538196122377553
6.383333333333333,0.15376143264727338
6.391666666666667,0.15357510256974538
6.4,0.15352498245950819
6.408333333333333,0.15356826820085256
6.416666666666667,0.15339061409455046
6.425,0.153130022502022
6.433333333333334,0.1533249554315208
6.441666666666666,0.15329394088659987
6.45,0.15308621312755522
6.458333333333333,0.15278997127627747
6.466666666666667,0.15262928434184864
6.475,0.15243918786360333
6.483333333333333,0.15224259305871768
6.491666666666666,0.1519955675632887
6.5,0.1515837610954187
6.508333333333333,0.15135671611715584
6.516666666666667,0.15122731451782223
6.5249999999999995,0.15121300849839225
6.533333333333333,0.15111102197511772
6.541666666666667,0.15076033890106633
6.55,0.1504682319299271
6.558333333333334,0.15027141376946807
6.566666666666666,0.15001733811518791
6.575,0.14970458773082007
6.583333333333333,0.1494983748453831
6.591666666666667,0.1489697596562487
6.6,0.1487076153483624
6.608333333333333,0.1485097575626353
6.616666666666666,0.14808025421479565
6.625,0.1477728953244315
6.633333333333333,0.1477966472461909
6.641666666666667,0.14776711019019517
6.6499999999999995,0.14742984935688308
6.658333333333333,0.14710618746277349
6.666666666666667,0.14659530665373777
6.675,0.14604483173574367
6.683333333333334,0.145709738642537
6.691666666666666,0.1453290137053278
6.7,0.1446896706686982
6.708333333333333,0.1442105279762782
6.716666666666667,0.14379442491046746
6.725,0.1435345006157469
6.733333333333333,0.1431086289955701
6.741666666666666,0.14267188622940408
6.75,0.14252232143619437
6.758333333333333,0.14225780664361265
6.766666666666667,0.14194974448934938
6.7749999999999995,0.14178838612422773
6.783333333333333,0.14159655980072805
6.791666666666667,0.14140043580636052
6.8,0.14122488318307536
6.808333333333334,0.14124852957235667
6.816666666666666,0.14111124630049
6.825,0.14115252098313724
6.833333333333333,0.14109215733571245
6.841666666666667,0.14095841316183289
6.85,0.14083282022177546
6.858333333333333,0.14079036992553107
6.866666666666666,0.14056835042797156
6.875,0.14027662551312248
6.883333333333333,0.14000638669528653
6.891666666666667,0.13982936946350377
6.8999999999999995,0.13962069630213625
6.908333333333333,0.13917430783484552
6.916666666666667,0.13915777569825583
6.925,0.1390316181400586
6.933333333333334,0.13888335516971306
6.941666666666666,0.1388015375204925
6.95,0.138337479315229
6.958333333333333,0.13816437556802041
6.966666666666667,0.13798336959223279
6.975,0.137849266406195
6.983333333333333,0.13766461065031876
6.991666666666666,0.13748605588649343
7.0,0.13755524922836715
7.008333333333333,0.13771502162031957
7.016666666666667,0.1376981237816386
7.0249999999999995,0.13748763140379827
7.033333333333333,0.13767273234710786
7.041666666666667,0.1377328885534712
7.05,0.13789531186299064
7.058333333333334,0.13807827438800513
7.066666666666666,0.13809924823727893
7.075,0.13817386956714595
7.083333333333333,0.1384024358533149
7.091666666666667,0.1386809591138496
7.1,0.13877011407226147
7.108333333333333,0.13888349659672494
7.116666666666666,0.13887563063655795
7.125,0.13917192499509423
7.133333333333333,0.13939792027373343
7.141666666666667,0.13926057243840018
7.1499999999999995,0.1395458974549717
7.158333333333333,0.13972193531587251
7.166666666666667,0.1396120961277052
7.175,0.13979853517030816
7.183333333333334,0.13998478629062494
7.191666666666666,0.13970725754516233
7.2,0.1397012101021513
7.208333333333333,0.13968907074728532
7.216666666666667,0.13981808898552495
7.225,0.13981914916789995
7.233333333333333,0.13989790538930924
7.241666666666666,0.13990656296900061
7.25,0.13969972691289723
7.258333333333333,0.1395758664892297
7.266666666666667,0.13957721438060533
7.2749999999999995,0.13942169081692168
7.283333333333333,0.13941374175001875
7.291666666666667,0.13946904536329008
7.3,0.1394902422196378
7.308333333333334,0.13945961437456722
7.316666666666666,0.13962974558274
7.325,0.1395923503637415
7.333333333333333,0.1395533835402012
7.341666666666667,0.13955648798363374
7.35,0.1397670339040853
7.358333333333333,0.14008170967867017
7.366666666666666,0.14024830355801576
7.375,0.140600026868688
7.383333333333333,0.14071446860253078
7.391666666666667,0.14103163789295592
7.3999999999999995,0.14119572986910733
7.408333333333333,0.141384728726069
7.416666666666667,0.14197404937835278
7.425,0.1423780155156471
7.433333333333334,0.14267239221173345
7.441666666666666,0.14328894719639274
7.45,0.14373780067143804
7.458333333333333,0.14399879938523297
7.466666666666667,0.14451890666598954
7.475,0.14462131121087363
7.483333333333333,0.14467271141039628
7.491666666666666,0.1452555468710952
7.5,0.14549266747805034
7.508333333333333,0.14562689313534993
7.516666666666667,0.14619853698744323
7.5249999999999995,0.14681749612125894
7.533333333333333,0.14720390080578216
7.541666666666667,0.1473109304571869
7.55,0.14767750841913707
7.558333333333334,0.14788881132067577
7.566666666666666,0.14824258773489518
7.575,0.14881582657314518
7.583333333333333,0.14899225250911252
7.591666666666667,0.1493045301996494
7.6,0.14972483205886689
7.608333333333333,0.15018218785382964
7.616666666666666,0.15093609894464222
7.625,0.1512381742183937
7.633333333333333,0.151825486740357
7.641666666666667,0.15211700084906732
7.6499999999999995,0.15234345644849334
7.658333333333333,0.15249134921342367
7.666666666666667,0.15275906817931206
7.675,0.15309901467465026
7.683333333333334,0.15341621937885686
7.691666666666666,0.15356473903918544
7.7,0.1540230857533731
7.708333333333333,0.1544459055791625
7.716666666666667,0.15495354165975295
7.725,0.15538088704952835
7.733333333333333,0.15572098988642957
7.741666666666666,0.15617820951727057
7.75,0.1566779199952435
7.758333333333333,0.15701250961864566
7.766666666666667,0.1573754599521786
7.7749999999999995,0.15762339142283
7.783333333333333,0.15780542633676276
7.791666666666667,0.15818476459998965
7.8,0.15829496826227274
7.808333333333334,0.15828409560709722
7.816666666666666,0.1585902155435015
7.825,0.15892444217974067
7.833333333333333,0.158898060826427
7.841666666666667,0.15897548077339008
7.85,0.15905749176551498
7.858333333333333,0.15900812723544844
7.866666666666666,0.15917025591846845
7.875,0.15938110106016534
7.883333333333333,0.159511889306017
7.891666666666667,0.15955377157991024
7.8999999999999995,0.1597990299236558
7.908333333333333,0.15991856261587967
7.916666666666667,0.1598337233279572
7.925,0.1597467085260622
7.933333333333334,0.15985778267642692
7.941666666666666,0.15980295043659543
7.95,0.15994954569181274
7.958333333333333,0.16017951975460454
7.966666666666667,0.1602304320263508
7.975,0.16013682151836273
7.983333333333333,0.16038960204770714
7.991666666666666,0.16060846252871142
8.0,0.16063582113157104
8.008333333333333,0.16059033159676406
8.016666666666666,0.16057708824896788
8.025,0.16048914908016076
8.033333333333333,0.1607093177792358
8.041666666666666,0.1608630492400751
8.05,0.1609206704542252
8.058333333333334,0.16105021416337073
8.066666666666666,0.16094292988836556
8.075,0.16105186698325413
8.083333333333334,0.16091345075812669
8.091666666666667,0.16100188163376972
8.1,0.16116021644080614
8.108333333333333,0.16123720439983846
8.116666666666667,0.16120309913734765
8.125,0.1609226352181401
8.133333333333333,0.16077041657097046
8.141666666666666,0.16047687699751823
8.15,0.16040991428905582
8.158333333333333,0.15988194359800745
8.166666666666666,0.15983230378523539
8.175,0.15949839031436075
8.183333333333334,0.15948788327327157
8.191666666666666,0.15917218047955872
8.2,0.1586688798469824
8.208333333333334,0.15832571759320335
8.216666666666667,0.15780600190025584
8.225,0.15740987838199305
8.233333333333333,0.15693718190883832
8.241666666666667,0.15654517976078486
8.25,0.15605228955375305
8.258333333333333,0.15582203864866684
8.266666666666666,0.15532804127430788
8.275,0.1546629585152004
8.283333333333333,0.1540364729234509
8.291666666666666,0.1532908750334745
8.3,0.1527060451758928
8.308333333333334,0.1521371736595276
8.316666666666666,0.15152255752678112
8.325,0.15071206117085967
8.333333333333334,0.15037591316556043
8.341666666666667,0.14998896362618286
8.35,0.14945372754721786
8.358333333333333,0.14901992116465745
8.366666666666667,0.14843495470085033
8.375,0.14801478211570895
8.383333333333333,0.14751729536984914
8.391666666666666,0.14689119907199188
8.4,0.1463019980801068
8.408333333333333,0.1458111647353557
8.416666666666666,0.14521343854158064
8.425,0.144480710359167
8.433333333333334,0.14382973834527157
8.441666666666666,0.1431788221154351
8.45,0.1427794328898946
8.458333333333334,0.14235162400432788
8.466666666666667,0.14178841570276512
8.475,0.14128314880370918
8.483333333333333,0.1407054719473133
8.491666666666667,0.14082138029535685
8.5,0.14055581530191485
8.508333333333333,0.14012247328371052
8.516666666666666,0.1398362863636331
8.525,0.13925655389521063
8.533333333333333,0.13873888099296683
8.541666666666666,0.13816282475943864
8.55,0.137470682549246
8.558333333333334,0.1369173169601241
8.566666666666666,0.13653798712546594
8.575,0.1360102093655342
8.583333333333334,0.13535718842725908
8.591666666666667,0.13512302883641425
8.6,0.1350352614867978
8.608333333333333,0.1345171028263734
8.616666666666667,0.13413755169427866
8.625,0.13384976742954202
8.633333333333333,0.1336160179922008
8.641666666666666,0.13368964158556085
8.65,0.13420676103272955
8.658333333333333,0.13453036126722773
8.666666666666666,0.13431022113200375
8.675,0.13390472547302856
8.683333333333334,0.13374946472933158
8.691666666666666,0.13360743527127417
8.7,0.13316934654204293
8.708333333333334,0.13301641053292634
8.716666666666667,0.13259190665958998
8.725,0.13199080489775183
8.733333333333333,0.1316076488437956
8.741666666666667,0.13115548783063846
8.75,0.13037492109113913
8.758333333333333,0.12979926060837776
8.766666666666666,0.12998932146324216
8.775,0.1297888020721134
8.783333333333333,0.1291496362885758
8.791666666666666,0.12920213908368505
8.8,0.12844091603687802
8.808333333333334,0.12775426530547884
8.816666666666666,0.12764267188160683
8.825,0.12745203444666564
8.833333333333334,0.12686629010566564
8.841666666666667,0.12687439053869842
8.85,0.12702724897140327
8.858333333333333,0.12702049740340993
8.866666666666667,0.12669875701652344
8.875,0.12632463072111166
8.883333333333333,0.12612774288465367
8.891666666666666,0.12580250639005608
8.9,0.12554057487248516
8.908333333333333,0.12521130580827422
8.916666666666666,0.12482514353402308
8.925,0.12445182988478343
8.933333333333334,0.12394544980529898
8.941666666666666,0.12357448368789714
8.95,0.12335378753649762
8.958333333333334,0.123148090377877
8.966666666666667,0.12303090105202696
8.975,0.12273691784538188
8.983333333333333,0.1226013748356034
8.991666666666667,0.12242157755484073
9.0,0.12216708928281506
9.008333333333333,0.12181968524031217
9.016666666666666,0.12162868658840553
9.025,0.12165674839088103
9.033333333333333,0.12121998108685328
9.041666666666666,0.12086859588635446
9.05,0.12112437427296574
9.058333333333334,0.12092024663766066
9.066666666666666,0.120830578149141
9.075,0.12106253438646064
9.083333333333334,0.12130531457127502
9.091666666666667,0.1210876229601916
9.1,0.12100328885063982
9.108333333333333,0.12097839723642645
9.116666666666667,0.12080175948094052
9.125,0.12040466677545547
9.133333333333333,0.12023133675510245
9.141666666666666,0.12008885379743828
9.15,0.11981512903530445
9.158333333333333,0.11972252403559414
9.166666666666666,0.1197656240308207
9.175,0.11988516836218976
9.183333333333334,0.11992809057300646
9.191666666666666,0.1198361407611741
9.2,0.11951739821282792
9.208333333333334,0.11922009628064445
9.216666666666667,0.11924952167878344
9.225,0.1195950851730796
9.233333333333333,0.11961260577298893
9.241666666666667,0.11960706467768767
9.25,0.11965490540256618
9.258333333333333,0.11974083532716007
9.266666666666666,0.11979696434808695
9.275,0.11987949106112095
9.283333333333333,0.12001478212437222
9.291666666666666,0.12028119946324334
9.3,0.12046840924364477
9.308333333333334,0.12068853018093217
9.316666666666666,0.12077307641972257
9.325,0.12076765382661003
9.333333333333334,0.12099590677387528
9.341666666666667,0.1211546710476743
9.35,0.12122517018995027
9.358333333333333,0.12131856136588959
9.366666666666667,0.12148635818038778
9.375,0.12167695409516566
9.383333333333333,0.12186884346601468
9.391666666666666,0.12194789793717153
9.4,0.12189026771833245
9.408333333333333,0.12213585645895386
9.416666666666666,0.12237066986044542
9.425,0.12257281381611662
9.433333333333334,0.12265778744473654
9.441666666666666,0.12284762464119092
9.45,0.12295754208911314
9.458333333333334,0.12333403700234902
9.466666666666667,0.12353126139366455
9.475,0.12392387377979586
9.483333333333333,0.12413935333608417
9.491666666666667,0.12436698753267295
9.5,0.12458047609784284
9.508333333333333,0.124847661139593
9.516666666666666,0.12522964555252925
9.525,0.1255666527879422
9.533333333333333,0.12583892923422435
9.541666666666666,0.1259971616330262
9.55,0.12620125038469898
9.558333333333334,0.1264071984063464
9.566666666666666,0.12670695953264755
9.575,0.1271500107383008
9.583333333333334,0.12761783142409588
9.591666666666667,0.12824653018284837
9.6,0.12870890352390219
9.608333333333333,0.12898747057231863
9.616666666666667,0.12947919524774232
9.625,0.12970185798621836
9.633333333333333,0.12989079129154657
9.641666666666666,0.13021689263128144
9.65,0.1303918595468867
9.658333333333333,0.13091224586197336
9.666666666666666,0.13127983952207645
9.675,0.13144016605074826
9.683333333333334,0.13168370353406478
9.691666666666666,0.13198608751317886
9.7,0.13231438006630758
9.708333333333334,0.1327323224591337
9.716666666666667,0.13313837209197343
9.725,0.13334019499827687
9.733333333333333,0.1335232993059985
9.741666666666667,0.13375184843267807
9.75,0.13391418399112243
9.758333333333333,0.134296731558174
9.766666666666666,0.13474821836744977
9.775,0.1351516221599114
9.783333333333333,0.13550230518176165
9.791666666666666,0.1357779166909412
9.8,0.13598111055619855
9.808333333333334,0.13630457618916436
9.816666666666666,0.13637380037549307
9.825,0.1365652032161162
9.833333333333334,0.13680391665206826
9.841666666666667,0.1369420233483145
9.85,0.13706333004746152
9.858333333333333,0.13724058327799038
9.866666666666667,0.13721210971591602
9.875,0.13728741844605197
9.883333333333333,0.13729817217884288
9.891666666666666,0.13732031323653593
9.9,0.13736065601357828
9.908333333333333,0.13746248351456591
9.916666666666666,0.1374004876496795
9.925,0.13718778303055457
9.933333333333334,0.1371497181622685
9.941666666666666,0.13703008758426027
9.95,0.1369781014138911
9.958333333333334,0.13662076612025498
9.966666666666667,0.13635930467977753
9.975,0.1363486524844706
9.983333333333333,0.13622115036115878
9.991666666666667,0.13610499484798932
10.0,0.1359417838443846
10.008333333333333,0.13563081723500936
10.016666666666666,0.13556772104338655
10.025,0.13524983068514995
10.033333333333333,0.13491909933654633
10.041666666666666,0.13468115325834007
10.05,0.13446386766923735
10.058333333333334,0.13409875819520933
10.066666666666666,0.13389872599821717
10.075,0.1335523119085762
10.083333333333334,0.13323984300338632
10.091666666666667,0.13334048558381428
10.1,0.13337061227287528
10.108333333333333,0.1332120593738595
10.116666666666667,0.1328812512419213
10.125,0.13267282266721825
10.133333333333333,0.13260039086591746
10.141666666666666,0.132462807797616
10.15,0.1324256330372411
10.158333333333333,0.13227005471147568
10.166666666666666,0.1321723590503785
10.175,0.13203326343728206
10.183333333333334,0.13196876745432684
10.191666666666666,0.13175594639102117
10.2,0.13150852320596407
10.208333333333334,0.13126181066465303
10.216666666666667,0.1309761625306809
10.225,0.1305570166635135
10.233333333333333,0.13022278566009837
10.241666666666667,0.1299554477038356
10.25,0.12966542531777536
10.258333333333333,0.12916587691891568
10.266666666666666,0.12885230108067436
10.275,0.12849119926233832
10.283333333333333,0.1280980073481075
10.291666666666666,0.12794939458790977
10.3,0.12780224429348674
10.308333333333334,0.12738683901768644
10.316666666666666,0.12724406103586094
10.325,0.12693414700129968
10.333333333333334,0.1268679605942491
10.341666666666667,0.12637978986902887
10.35,0.12596463236446565
10.358333333333333,0.12574399721255403
10.366666666666667,0.12549255518568758
10.375,0.12547216524695215
10.383333333333333,0.12527147296320962
10.391666666666666,0.12494342393873481
10.4,0.12471026290736487
10.408333333333333,0.1243103711605793
10.416666666666666,0.12400263643230836
10.425,0.12359057680628438
10.433333333333334,0.12320717939343973
10.441666666666666,0.12254841829104013
10.45,0.12219838437597996
10.458333333333334,0.12164572535978957
10.466666666666667,0.120892604765104
10.475,0.12025800284238741
10.483333333333333,0.11986359205132113
10.491666666666667,0.11935290461184156
10.5,0.11899138775463669
10.508333333333333,0.11858950857645034
10.516666666666666,0.11808699148171975
10.525,0.11762686779261666
10.533333333333333,0.11716627224285303
10.541666666666666,0.11674458953410483
10.55,0.11625008835333261
10.558333333333334,0.11599692675022188
10.566666666666666,0.11591578892954923
10.575,0.11578044313733238
10.583333333333334,0.1154185000966752
10.591666666666667,0.11540842597044954
10.6,0.11530952788558091
10.608333333333333,0.11516911519520145
10.616666666666667,0.11481578435911688
10.625,0.11446990041526361
10.633333333333333,0.11450355763380249
10.641666666666666,0.11455066490872601
10.65,0.11434341641683154
10.658333333333333,0.11414072272516917
10.666666666666666,0.11378029215747354
10.675,0.11368814924994108
10.683333333333334,0.11360137167386708
10.691666666666666,0.1134900173991027
10.7,0.11324775703898715
10.708333333333334,0.11309838550140872
10.716666666666667,0.11295467838517115
10.725,0.1126777392312941
10.733333333333333,0.11233213312359847
10.741666666666667,0.1123956737367755
10.75,0.11214418974763563
10.758333333333333,0.11207488511170705
10.766666666666666,0.11179445202679039
10.775,0.11125533052257297
10.783333333333333,0.11113098573604785
10.791666666666666,0.11084879594532726
10.8,0.11052210452763722
10.808333333333334,0.11026327301170946
10.816666666666666,0.10992705540112624
10.825,0.10980729595898397
10.833333333333334,0.10966086767464156
10.841666666666667,0.10938621990960096
10.85,0.10911297986954294
10.858333333333333,0.10861782231632122
10.866666666666667,0.10839096177956375
10.875,0.1082636490758968
10.883333333333333,0.10816040191260656
10.891666666666666,0.10792697182713518
10.9,0.10794831915307901
10.908333333333333,0.10774257691149347
10.916666666666666,0.10757500761059346
10.925,0.10737284442896677
10.933333333333334,0.1069701855532681
10.941666666666666,0.10689102787176452
10.95,0.1067170285259953
10.958333333333334,0.10656495485238171
10.966666666666667,0.10662770656645404
10.975,0.10652915096184978
10.983333333333333,0.10667322837011084
10.991666666666667,0.10667945601251505
11.0,0.10661521986511957
11.008333333333333,0.10651056500118661
11.016666666666666,0.10640944054124324
11.025,0.10655450614194506
11.033333333333333,0.1066658423702318
11.041666666666666,0.10647174608582488
11.05,0.10629082777889964
11.058333333333334,0.10635957898428905
11.066666666666666,0.10615396519156484
11.075,0.10629576112042649
11.083333333333334,0.1064679810907121
11.091666666666667,0.1063900700980771
11.1,0.10637962452453453
11.108333333333333,0.10675498569806452
11.116666666666667,0.10689884507500569
11.125,0.10682978003714472
11.133333333333333,0.1067216470294583
11.141666666666666,0.106532856110791
11.15,0.10649119075312585
11.158333333333333,0.10651751435565426
11.166666666666666,0.10653324475101211
11.175,0.1065775299647469
11.183333333333334,0.10668008317370936
11.191666666666666,0.10675693267943154
11.2,0.10684516675787292
11.208333333333334,0.10670039161315636
11.216666666666667,0.10654264169476102
11.225,0.10679752196368586
11.233333333333333,0.10685114140053842
11.241666666666667,0.10684075582144437
11.25,0.10710086287158571
11.258333333333333,0.1073843831324004
11.266666666666666,0.1076472175657921
11.275,0.10775664810880414
11.283333333333333,0.10767755160793069
11.291666666666666,0.10762981383503267
11.3,0.10780501802258624
11.308333333333334,0.1080578976843376
11.316666666666666,0.10839857418962118
11.325,0.10865333597880533
11.333333333333334,0.1087477743094254
11.341666666666667,0.10902360831149327
11.35,0.10917211989264297
11.358333333333333,0.10911700210825326
11.366666666666667,0.10923587321986239
11.375,0.10916389755150258
11.383333333333333,0.10901876409809685
11.391666666666666,0.10884183534728975
11.4,0.10883482422862278
11.408333333333333,0.10853893371842127
11.416666666666666,0.108502857936839
11.425,0.10883483971186902
11.433333333333334,0.10885673067805102
11.441666666666666,0.10883399602811239
11.45,0.10867319498771133
11.458333333333334,0.10861312221451414
11.466666666666667,0.10851268640089762
11.475,0.10829238998186463
11.483333333333333,0.10807715764308656
11.491666666666667,0.107925730241057
11.5,0.10812796079485443
11.508333333333333,0.10793106196239255
11.516666666666666,0.10762012693428935
11.525,0.1077240904815111
11.533333333333333,0.10746206464606112
11.541666666666666,0.10744145716700348
11.55,0.10737023622021602
11.558333333333334,0.10747178843397309
11.566666666666666,0.1073319964922963
11.575,0.10759183540020834
11.583333333333334,0.1079007439635209
11.591666666666667,0.10817707517686026
11.6,0.10839571440686169
11.608333333333333,0.10842903620509858
11.616666666666667,0.10811809898973679
11.625,0.10827827642060428
11.633333333333333,0.10819363046857267
11.641666666666666,0.10850921542529823
11.65,0.10883337250914038
11.658333333333333,0.10887033376763955
11.666666666666666,0.10902136537859697
11.675,0.10917000981063363
11.683333333333334,0.10946885083528657
11.691666666666666,0.10975078956426865
11.7,0.110225061205532
11.708333333333334,0.11061276151740129
11.716666666666667,0.11074982722750693
11.725,0.1112939075831958
11.733333333333333,0.11140778121423756
11.741666666666667,0.11182430436531798
11.75,0.11197878534071593
11.758333333333333,0.1119940984008927
11.766666666666666,0.11224627291309619
11.775,0.11212414215442346
11.783333333333333,0.11214643345333153
11.791666666666666,0.11236404010053525
11.8,0.11262960463779814
11.808333333333334,0.11280717188091405
11.816666666666666,0.11290170669882871
11.825,0.11376710931642009
11.833333333333334,0.11377926305554009
11.841666666666667,0.11417602141141736
11.85,0.11420164218674533
11.858333333333333,0.11444476975729145
11.866666666666667,0.11508177274984033
11.875,0.11523584910630102
11.883333333333333,0.11540240044729488
11.891666666666666,0.11588595905587984
11.9,0.11624633852005517
11.908333333333333,0.11680004463459004
11.916666666666666,0.11697773902574671
11.925,0.11760354094921599
11.933333333333334,0.11755185117482192
11.941666666666666,0.1180115157687378
11.95,0.11830584596904226
11.958333333333334,0.11861540942590754
11.966666666666667,0.11895356085764841
11.975,0.11936590945870362
11.983333333333333,0.11968573636004765
11.991666666666667,0.11980092867307879
12.0,0.12007888855491267
12.008333333333333,0.12034638254030794
12.016666666666666,0.12045247910379331
12.025,0.1205975635949732
12.033333333333333,0.12079073168187393
12.041666666666666,0.12094080482642688
12.05,0.12086441882747878
12.058333333333334,0.12113332473774596
12.066666666666666,0.12152226262340893
12.075,0.1218036145408199
12.083333333333334,0.12235907971187365
12.091666666666667,0.12183957429906433
12.1,0.12219489769204306
12.108333333333333,0.12227372712330031
12.116666666666667,0.12255061617524654
12.125,0.12303857124110174
12.133333333333333,0.12306187091569676
12.141666666666666,0.12326882184484855
12.15,0.12336867619499858
12.158333333333333,0.12307469829365214
12.166666666666666,0.12312634745121565
12.175,0.12344002196443071
12.183333333333334,0.12371311203433555
12.191666666666666,0.12364699681779778
12.2,0.12400771092718421
12.208333333333334,0.1236268528153035
12.216666666666667,0.12402671938436094
12.225,0.12443522879288915
12.233333333333333,0.12437655196215602
12.241666666666667,0.12459703770868225
12.25,0.1245550401846891
12.258333333333333,0.12468585621668038
12.266666666666666,0.1243976763267931
12.275,0.12476032904417078
12.283333333333333,0.12476567917330694
12.291666666666666,0.12468189873281488
12.3,0.12494542499511496
12.308333333333334,0.12466706966360053
12.316666666666666,0.12462847943318867
12.325,0.12450061899766385
12.333333333333334,0.12485049429564898
12.341666666666667,0.12499904488123659
12.35,0.12501343413268118
12.358333333333333,0.12514130478538532
12.366666666666667,0.12533744498946753
12.375,0.12552253168420058
12.383333333333333,0.1255658301501621
12.391666666666666,0.1251175379939038
12.4,0.12534167551901887
12.408333333333333,0.1253236164460143
12.416666666666666,0.1259779319291625
12.425,0.12591877125729445
12.433333333333334,0.12661740763588103
12.441666666666666,0.1269734405872771
12.45,0.12715906472097527
12.458333333333334,0.1278631575752689
12.466666666666667,0.1278649347573424
12.475,0.12810230525763222
12.483333333333333,0.1283009172297398
12.491666666666667,0.1285783097788049
12.5,0.12954728120631587
12.508333333333333,0.12952057259579108
12.516666666666666,0.13030180868479802
12.525,0.13012750486541091
12.533333333333333,0.13030844102963357
12.541666666666666,0.13059753199878799
12.55,0.13111940880014306
12.558333333333334,0.13150589238610721
12.566666666666666,0.13192139226064103
12.575,0.13237998437071163
12.583333333333334,0.13286386432302133
12.591666666666667,0.13269122049922055
12.6,0.13333810289474868
12.608333333333333,0.13342229914972648
12.616666666666667,0.13389493370409977
12.625,0.13394529716318182
12.633333333333333,0.13389366123970592
12.641666666666666,0.13418615850535942
12.65,0.13451104286850546
12.658333333333333,0.1351042400414426
12.666666666666666,0.13528959918643246
12.675,0.13580710756859382
12.683333333333334,0.13521406200724462
12.691666666666666,0.13562530758674107
12.7,0.1360491542627491
12.708333333333334,0.13593051406113155
12.716666666666667,0.13646875024257166
12.725,0.1363248974660869
12.733333333333333,0.13664439187701038
12.741666666666667,0.13677133882570813
12.75,0.136972586832679
12.758333333333333,0.13705391039204984
12.766666666666666,0.13746931304935206
12.775,0.1377365256778178
12.783333333333333,0.1376883100069748
12.791666666666666,0.13748325654465
12.8,0.13773226529647764
12.808333333333334,0.13781038824771197
12.816666666666666,0.1383573648546701
12.825,0.1382511717013979
12.833333333333334,0.13887391636433666
12.841666666666667,0.13875997944025742
12.85,0.13885298255720713
12.858333333333333,0.13916697558194557
12.866666666666667,0.13924494838025003
12.875,0.13969885606243015
12.883333333333333,0.13941527592429548
12.891666666666666,0.14025402597033731
12.9,0.14023238318051412
12.908333333333333,0.14062315024565186
12.916666666666666,0.14085659113814164
12.924999999999999,0.14102183098651055
12.933333333333334,0.14176080314048445
12.941666666666666,0.14214956961291136
12.95,0.1421071542877259
12.958333333333334,0.14270875777756653
12.966666666666667,0.14314246174906042
12.975,0.14358667155630367
12.983333333333333,0.14443103794390733
12.991666666666667,0.1453743696321972
13.0,0.14571211385596783
13.008333333333333,0.1462950044537361
13.016666666666666,0.14648900030952183
13.025,0.14717545136745147
13.033333333333333,0.14823215700118464
13.041666666666666,0.14825285667624488
13.049999999999999,0.1489097577602747
13.058333333333334,0.149704661578691
13.066666666666666,0.15047949631723045
13.075,0.15075951395631182
13.083333333333334,0.15145269110868442
13.091666666666667,0.1522454287623598
13.1,0.15286448694965804
13.108333333333333,0.15356164366232772
13.116666666666667,0.15405024170912252
13.125,0.15446593865263747
13.133333333333333,0.15564572278523126
13.141666666666666,0.15617179688230465
13.15,0.1572024175829434
13.158333333333333,0.15731729574584907
13.166666666666666,0.1578112181361233
13.174999999999999,0.15908995514430813
13.183333333333334,0.15984650089462793
13.191666666666666,0.16014864601917211
13.2,0.1606480634936982
13.208333333333334,0.1614510411221508
13.216666666666667,0.1619783782578117
13.225,0.16249701158174124
13.233333333333333,0.1630866656719152
13.241666666666667,0.16359055573446435
13.25,0.16437770427026366
13.258333333333333,0.16493188838471995
13.266666666666666,0.16559450349093985
13.275,0.16578390251894737
13.283333333333333,0.1660300510839936
13.291666666666666,0.16640901758693594
13.299999999999999,0.1663336578818464
13.308333333333334,0.16698500624673795
13.316666666666666,0.16731490612262845
13.325,0.16769479270355925
13.333333333333334,0.16869272730525475
13.341666666666667,0.1692110887997953
13.35,0.16944838085973313
13.358333333333333,0.1701866589917207
13.366666666666667,0.17081727469390562
13.375,0.17123331445496892
13.383333333333333,0.17204581128795327
13.391666666666666,0.17215200729799918
13.4,0.17232762188821993
13.408333333333333,0.17321017761305102
13.416666666666666,0.17386401309846122
13.424999999999999,0.17403631588679414
13.433333333333334,0.1742427237921369
13.441666666666666,0.17458210816427044
13.45,0.17492731416739526
13.458333333333334,0.17506639453111106
13.466666666666667,0.17544005758755032
13.475,0.1745419973890432
13.483333333333333,0.17478565042120242
13.491666666666667,0.17466433144721383
13.5,0.17529024748762745
13.508333333333333,0.17577350629360233
13.516666666666666,0.17554903627512397
13.525,0.1762550317011602
13.533333333333333,0.17685546019117449
13.541666666666666,0.17679986293391248
13.549999999999999,0.17730446422736712
13.558333333333334,0.1772103603711226
13.566666666666666,0.1784993910902113
13.575,0.17882779206998345
13.583333333333334,0.17903472944929355
13.591666666666667,0.17893878415019615
13.6,0.1788105216920275
13.608333333333333,0.1789322015529753
13.616666666666667,0.17932409632130542
13.625,0.17937897386109092
13.633333333333333,0.17968870029254314
13.641666666666666,0.1797467090257081
13.65,0.179802242891697
13.658333333333333,0.1797608386922711
13.666666666666666,0.1797080897380623
13.674999999999999,0.17907620015804881
13.683333333333334,0.17932319839839406
13.691666666666666,0.17905965716884076
13.7,0.17881604272855856
13.708333333333334,0.17898856988700507
13.716666666666667,0.178799546680801
13.725,0.1794672637018062
13.733333333333333,0.1796827631569411
13.741666666666667,0.17995797577374595
13.75,0.18039999809721352
13.758333333333333,0.18042447285115237
13.766666666666666,0.18089068086464866
13.775,0.18089006035432043
13.783333333333333,0.18093785361315162
13.791666666666666,0.1811699198876926
13.799999999999999,0.18118750788477755
13.808333333333334,0.18120752075661528
13.816666666666666,0.18167437926497443
13.825,0.18156326626652008
13.833333333333334,0.18148393992309808
13.841666666666667,0.1818476124792936
13.85,0.18171776857317412
13.858333333333333,0.18136100734436278
13.866666666666667,0.18113593020816965
13.875,0.1812258364624073
13.883333333333333,0.1815015534991642
13.891666666666666,0.18169166933516356
13.9,0.1823238819439219
13.908333333333333,0.18246675709576743
13.916666666666666,0.18225476175336475
13.924999999999999,0.1825709566583662
13.933333333333334,0.18291660876916693
13.941666666666666,0.18349209548747059
13.95,0.18376958186194448
13.958333333333334,0.18420555065253041
13.966666666666667,0.1847934657216439
13.975,0.18530112372777907
13.983333333333333,0.18594877246784014
13.991666666666667,0.18649077877225317
14.0,0.18711650245354883
14.008333333333333,0.18741531216229013
14.016666666666666,0.18782990197752492
14.025,0.18830505069985803
14.033333333333333,0.18907229388329538
14.041666666666666,0.18926618752361568
14.049999999999999,0.18941755663338156
14.058333333333334,0.18949949228888618
14.066666666666666,0.19013108497404407
14.075,0.18997342587345534
14.083333333333334,0.19030763484429758
14.091666666666667,0.1909967704242026
14.1,0.19128641444030148
14.108333333333333,0.19147090155654922
14.116666666666667,0.19162391359639552
14.125,0.19223786476794857
14.133333333333333,0.19263047173428616
14.141666666666666,0.19303211479937632
14.15,0.1933387155685633
14.158333333333333,0.19364054759029314
14.166666666666666,0.19445225798531696
14.174999999999999,0.1946999994095835
14.183333333333334,0.19530553826362596
14.191666666666666,0.19579019318329172
14.2,0.19638946628687792
14.208333333333334,0.19676171744758686
14.216666666666667,0.19741664253751212
14.225,0.19805195842417822
14.233333333333333,0.19875829666067713
14.241666666666667,0.19918226570167819
14.25,0.19962997772289426
14.258333333333333,0.19994128221655205
14.266666666666666,0.20019177371632724
14.275,0.20029456214032493
14.283333333333333,0.20084893562645822
14.291666666666666,0.20144541096442636
14.299999999999999,0.20122526421746145
14.308333333333334,0.20079059809777977
14.316666666666666,0.20101720215238372
14.325,0.20126349076370587
14.333333333333334,0.20102242471242793
14.341666666666667,0.20087128397087262
14.35,0.20063133835649682
14.358333333333333,0.20075219245094655
14.366666666666667,0.20081668176112766
14.375,0.20057777165793822
14.383333333333333,0.20092602446432295
14.391666666666666,0.20067003918015947
14.4,0.20053874634721347
14.408333333333333,0.200488306652141
14.416666666666666,0.20035500249560378
14.424999999999999,0.19997375054203115
14.433333333333334,0.19955919593308158
14.441666666666666,0.19922426453223685
14.45,0.19925050642802455
14.458333333333334,0.19882098227794764
14.466666666666667,0.19851950519169104
14.475,0.1980576153390099
14.483333333333333,0.1982310792575721
14.491666666666667,0.19798820433494813
14.5,0.1977467586190491
14.508333333333333,0.19824130504034976
14.516666666666666,0.19837099577077266
14.525,0.19864038380435511
14.533333333333333,0.19915329311836083
14.541666666666666,0.19919749933706843
14.549999999999999,0.19899352887394461
14.558333333333334,0.1991513245258416
14.566666666666666,0.19892441755227797
14.575,0.19888664200815787
14.583333333333334,0.19860251622592928
14.591666666666667,0.19816820963704784
14.6,0.1982533680050378
14.608333333333333,0.19815730853075664
14.616666666666667,0.1976954998615179
14.625,0.19758130027579268
14.633333333333333,0.19739110125185833
14.641666666666666,0.19711579969963622
14.65,0.19639752850932468
14.658333333333333,0.19577776981607808
14.666666666666666,0.19550259094236888
14.674999999999999,0.19512990989214285
14.683333333333334,0.19511604627175938
14.691666666666666,0.19472488347195682
14.7,0.19463774763848507
14.708333333333334,0.1945200555088622
14.716666666666667,0.19441100537248812
14.725,0.19384696215271613
14.733333333333333,0.19381879811586167
14.741666666666667,0.1936424264813641
14.75,0.1933054541517858
14.758333333333333,0.19324285524589757
14.766666666666666,0.19324352340784068
14.775,0.19314191045637186
14.783333333333333,0.1924093293332758
14.791666666666666,0.19222391300910746
14.799999999999999,0.19188182137269583
14.808333333333334,0.19153567768939617
14.816666666666666,0.19139712062120084
14.825,0.19129686271511548
14.833333333333334,0.19131977347838314
14.841666666666667,0.19083463891446883
14.85,0.1905133524599829
14.858333333333333,0.19054571433699263
14.866666666666667,0.19048545119239346
14.875,0.19048963485980952
14.883333333333333,0.1902678700674989
14.891666666666666,0.19019569962547744
14.9,0.190320787009421
14.908333333333333,0.19042068192704287
14.916666666666666,0.19034614428473873
14.924999999999999,0.18995808811899728
14.933333333333334,0.18981886484920585
14.941666666666666,0.1899286755514915
14.95,0.1893801695027313
14.958333333333334,0.1890185002814455
14.966666666666667,0.18863143599372423
14.975,0.18875374749866047
14.983333333333333,0.18868987252339053
14.991666666666667,0.18831934321917476
15.0,0.18829254047026267
15.008333333333333,0.18829307928808148
15.016666666666666,0.18869506026845628
15.025,0.1885279681187091
15.033333333333333,0.18844088591125785
15.041666666666666,0.18781462782220237
15.049999999999999,0.1872073481145442
15.058333333333334,0.1868102568779222
15.066666666666666,0.18623304164016607
15.075,0.18608933152391582
15.083333333333334,0.1853529296167391
15.091666666666667,0.18476308060676172
15.1,0.18477471389185207
15.108333333333333,0.18392826200551737
15.116666666666667,0.18321922313597838
15.125,0.1827277842595274
15.133333333333333,0.1821265236139551
15.141666666666666,0.18141688588092997
15.15,0.18108898283524377
15.158333333333333,0.18079441548103126
15.166666666666666,0.18033877607723658
15.174999999999999,0.1801943415654621
15.183333333333334,0.17996645437980052
15.191666666666666,0.17969515849984274
15.2,0.17913714785678425
15.208333333333334,0.17877147267998938
15.216666666666667,0.17824051912487104
15.225,0.17798722422699398
15.233333333333333,0.1777642515450566
15.241666666666667,0.17776502521538307
15.25,0.17741863804877145
15.258333333333333,0.17758784490927515
15.266666666666666,0.17753808831678142
15.275,0.17691470670499232
15.283333333333333,0.17637174189137372
15.291666666666666,0.17572532545108732
15.299999999999999,0.175331093408452
15.308333333333334,0.1751495123866007
15.316666666666666,0.17475709265054395
15.325,0.17429485078738294
15.333333333333334,0.17376455287434278
15.341666666666667,0.17343781836024208
15.35,0.17278731380552248
15.358333333333333,0.17203192898832298
15.366666666666667,0.17126132642040903
15.375,0.17079781743899325
15.383333333333333,0.17039844429813922
15.391666666666666,0.17020922159295537
15.4,0.17013137304957215
15.408333333333333,0.16965481989971742
15.416666666666666,0.16914665429689846
15.424999999999999,0.16850438623254926
15.433333333333334,0.16756108544105386
15.441666666666666,0.16677449344548645
15.45,0.16586855411752732
15.458333333333334,0.16452594865023684
15.466666666666667,0.1636472845121144
15.475,0.16276933726002074
15.483333333333333,0.16210325535286407
15.491666666666667,0.16166157911487078
15.5,0.16123687407243636
15.508333333333333,0.16009153604762938
15.516666666666666,0.1592600296528388
15.525,0.15814888029003837
15.533333333333333,0.1567873368329653
15.541666666666666,0.15561905370983187
15.549999999999999,0.15503091815348702
15.558333333333334,0.15410615337454225
15.566666666666666,0.15333369350686676
15.575,0.15245044180056144
15.583333333333334,0.15169711652705953
15.591666666666667,0.15059311089974448
15.6,0.14995743378651993
15.608333333333333,0.14875652700948327
15.616666666666667,0.14769654745984417
15.625,0.1474131031775252
15.633333333333333,0.1463877648412868
15.641666666666666,0.1454476389900594
15.65,0.14532883617253045
15.658333333333333,0.14456941573235071
15.666666666666666,0.14414994787310498
15.674999999999999,0.14313767901055563
15.683333333333334,0.14240431356367345
15.691666666666666,0.14176996532855002
15.7,0.1409646908721307
15.708333333333334,0.14019186933810057
15.716666666666667,0.13970713161450754
15.725,0.13880724849253578
15.733333333333333,0.13786060252481525
15.741666666666667,0.13732575086575927
15.75,0.13671534204694735
15.758333333333333,0.13621052051792426
15.766666666666666,0.13595299378195191
15.775,0.13550204568695734
15.783333333333333,0.1353318623699742
15.791666666666666,0.1346512835435678
15.799999999999999,0.13461583972414526
15.808333333333334,0.133553715808707
15.816666666666666,0.1328882188191325
15.825,0.13181058343869068
15.833333333333334,0.1314864079701179
15.841666666666667,0.13077932082464105
15.85,0.13085594143366408
15.858333333333333,0.13104605509717882
15.866666666666667,0.13137964047741857
15.875,0.13087482761924507
15.883333333333333,0.13068755154194323
15.891666666666666,0.13027040989716654
15.9,0.1301096322933002
15.908333333333333,0.13010310543852066
15.916666666666666,0.13012750408563112
15.924999999999999,0.13018489000492806
15.933333333333334,0.13008915044979963
15.941666666666666,0.12983525260438067
15.95,0.12971665602459392
15.958333333333334,0.12946052521907125
15.966666666666667,0.12935089595903349
15.975,0.1292609913814009
15.983333333333333,0.12915333976574583
15.991666666666667,0.129073620010572
16.0,0.12930049421235745
16.008333333333333,0.12939871303864958
16.016666666666666,0.12939999982343475
16.025,0.12931279488825997
16.03333333333333,0.12949191656146986
16.041666666666668,0.12944767605485952
16.05,0.12938300590399554
16.058333333333334,0.1294603684785418
16.066666666666666,0.1293879224570904
16.075,0.12883573123551129
16.083333333333332,0.1286083708686685
16.091666666666665,0.1283535599685317
16.1,0.1282189332260597
16.108333333333334,0.12836074503700812
16.116666666666667,0.1282956228247787
16.125,0.12820143529723316
16.133333333333333,0.1280737860201926
16.141666666666666,0.12783849085048704
16.15,0.1276453064965939
16.15833333333333,0.1272855773719288
16.166666666666668,0.12709540498395988
16.175,0.12738531302458522
16.183333333333334,0.12765498454447144
16.191666666666666,0.12738865942116462
16.2,0.1273556115827934
16.208333333333332,0.12742293179172215
16.216666666666665,0.12760227974168536
16.225,0.12786431460488168
16.233333333333334,0.12812737689761522
16.241666666666667,0.12826356964866203
16.25,0.12835953360660235
16.258333333333333,0.12851756239217726
16.266666666666666,0.12907187730676517
16.275,0.1292364830820134
16.28333333333333,0.12926783237788286
16.291666666666668,0.12928143398444858
16.3,0.12898301519339705
16.308333333333334,0.12880974044885907
16.316666666666666,0.1289134229561144
16.325,0.12861342687378152
16.333333333333332,0.12879082060906932
16.341666666666665,0.1287699072333106
16.35,0.1282595253718486
16.358333333333334,0.12748656711765616
16.366666666666667,0.12680447923928484
16.375,0.1266383231837851
16.383333333333333,0.1266152043305977
16.391666666666666,0.12626523602240947
16.4,0.12561365179493889
16.40833333333333,0.12507540471561573
16.416666666666668,0.124189785966204
16.425,0.1235291359256323
16.433333333333334,0.1232707365055905
16.441666666666666,0.12282931944545372
16.45,0.12242009521570929
16.458333333333332,0.1220677156913006
16.466666666666665,0.1225536950295858
16.475,0.12190536360454574
16.483333333333334,0.12117740385665288
16.491666666666667,0.12121250365695424
16.5,0.12076486909097839
16.508333333333333,0.12066208552028401
16.516666666666666,0.1202509853615128
16.525,0.11991848179180242
16.53333333333333,0.12047751614222157
16.541666666666668,0.1207159412147738
16.55,0.12100759405480721
16.558333333333334,0.12140718435830822
16.566666666666666,0.1213568388916515
16.575,0.12139082838944981
16.583333333333332,0.12129235138085148
16.591666666666665,0.12126370608155845
16.6,0.12118757846416162
16.608333333333334,0.12025050372301993
16.616666666666667,0.12048674816179283
16.625,0.11996583679240236
16.633333333333333,0.11908240669595438
16.641666666666666,0.11875360367172538
16.65,0.11780082428547134
16.65833333333333,0.11734935868097662
16.666666666666668,0.11681434690150416
16.675,0.1155145980094292
16.683333333333334,0.1146443091141518
16.691666666666666,0.11378721614124587
16.7,0.11306116863425664
16.708333333333332,0.11228140394752706
16.716666666666665,0.11143691759631014
16.725,0.11080562144884265
16.733333333333334,0.1096911109832992
16.741666666666667,0.1086516273363829
16.75,0.10814034312655907
16.758333333333333,0.10753839368976559
16.766666666666666,0.10704949235592798
16.775,0.10642148995342948
16.78333333333333,0.10584657015790788
16.791666666666668,0.10531778386994617
16.8,0.10462449728253165
16.808333333333334,0.10415718996923462
16.816666666666666,0.10374277233960272
16.825,0.10329459907690697
16.833333333333332,0.10274732613616933
16.841666666666665,0.10230012475249595
16.85,0.1019110696726373
16.858333333333334,0.10170331370051366
16.866666666666667,0.10158945647076889
16.875,0.10136837173841617
16.883333333333333,0.10112793362813566
16.891666666666666,0.100715846560125
16.9,0.10056653327332676
16.90833333333333,0.10025760562004038
16.916666666666668,0.09993830996155983
16.925,0.09968953917265666
16.933333333333334,0.099282434912916
16.941666666666666,0.09871222801264579
16.95,0.09824033335042248
16.958333333333332,0.09766583451797062
16.966666666666665,0.09701286678784826
16.975,0.0966579578988449
16.983333333333334,0.09615784742420974
16.991666666666667,0.09569219018774233
17.0,0.09531233667902606
17.008333333333333,0.09490695107728908
17.016666666666666,0.0944562634844901
17.025,0.0939822801519854
17.03333333333333,0.09365906837658522
17.041666666666668,0.09318991875293503
17.05,0.09279626090744686
17.058333333333334,0.09236908909941799
17.066666666666666,0.09191774375878525
17.075,0.09122770521686419
17.083333333333332,0.09042990173232002
17.091666666666665,0.0896003634075564
17.1,0.088887226037903
17.108333333333334,0.08833670313627251
17.116666666666667,0.08784276898784338
17.125,0.08737004797905357
17.133333333333333,0.08674143240535592
17.141666666666666,0.08642525444843585
17.15,0.08579708352643123
17.15833333333333,0.08529584319854866
17.166666666666668,0.08495674440172896
17.175,0.08453524334688023
17.183333333333334,0.08409626057375985
17.191666666666666,0.0834302418388686
17.2,0.08295485631267407
17.208333333333332,0.08241405215537112
17.216666666666665,0.08181167265195799
17.225,0.08143387127725554
17.233333333333334,0.08115295975435943
17.241666666666667,0.08097468801926166
17.25,0.08049444326626953
17.258333333333333,0.07999077787639397
17.266666666666666,0.07941169759608702
17.275,0.07874738089157196
17.28333333333333,0.07807061585699082
17.291666666666668,0.07749250232982807
17.3,0.0768622057802979
17.308333333333334,0.07626922380744738
17.316666666666666,0.0756063250010588
17.325,0.07488283898817216
17.333333333333332,0.07427948930744166
17.341666666666665,0.07359466244828661
17.35,0.07293427533649388
17.358333333333334,0.07241513033783287
17.366666666666667,0.07160636709370283
17.375,0.07089369583955918
17.383333333333333,0.07063343612925999
17.391666666666666,0.0698769708218272
17.4,0.06915296250497005
17.40833333333333,0.06842820221960766
17.416666666666668,0.06778017218318833
17.425,0.06722491924012419
17.433333333333334,0.06700911074622651
17.441666666666666,0.06598700794943868
17.45,0.0650077926326682
17.458333333333332,0.06423765059293007
17.466666666666665,0.06361172612584198
17.475,0.06308193523484906
17.483333333333334,0.06263730851666938
17.491666666666667,0.0625592305031939
17.5,0.06169656140874791
17.508333333333333,0.060976388711422747
17.516666666666666,0.0600608808268035
17.525,0.05913662461692182
17.53333333333333,0.05805274264804372
17.541666666666668,0.05716729028775558
17.55,0.05629774198744042
17.558333333333334,0.05530936944694398
17.566666666666666,0.054406790354832424
17.575,0.053894697961568205
17.583333333333332,0.05316196941087248
17.591666666666665,0.05241119373017433
17.6,0.051546745822570905
17.608333333333334,0.05066509290314203
17.616666666666667,0.04969277183410581
17.625,0.04895967660467382
17.633333333333333,0.04815572993030348
17.641666666666666,0.047466672641345076
17.65,0.0466197648852571
17.65833333333333,0.045664453113966275
17.666666666666668,0.044865737665958694
17.675,0.04407294914804738
17.683333333333334,0.04331329537405226
17.691666666666666,0.042543614488482095
17.7,0.04174088394326558
17.708333333333332,0.040878089689950325
17.716666666666665,0.040169703556671044
17.725,0.039319582166161826
17.733333333333334,0.03846521916796242
17.741666666666667,0.0377884463071636
17.75,0.03678335892775597
17.758333333333333,0.036040976660225876
17.766666666666666,0.035258379916297544
17.775,0.03456035835149973
17.78333333333333,0.03383997420237339
17.791666666666668,0.03324882025968412
17.8,0.03283978830959611
17.808333333333334,0.03213943429529387
17.816666666666666,0.03178361666515839
17.825,0.03142072854612543
17.833333333333332,0.030964573439007603
17.841666666666665,0.030554735467916316
17.85,0.029975284488050313
17.858333333333334,0.029660237127443256
17.866666666666667,0.02911345714286373
17.875,0.02888525429445088
17.883333333333333,0.028911898744492293
17.891666666666666,0.028514641971578714
17.9,0.02850341036780435
17.90833333333333,0.028376336356844334
17.916666666666668,0.028250542902712006
17.925,0.028106795186959133
17.933333333333334,0.02778473711754703
17.941666666666666,0.027467969134914005
17.95,0.027379040559425194
17.958333333333332,0.027132611298968268
17.966666666666665,0.02718549380588997
17.975,0.02755820412111709
17.983333333333334,0.026971786953743138
17.991666666666667,0.026562086138186336
18.0,0.026292131122461315
18.008333333333333,0.02585348076119809
18.016666666666666,0.025545420303176414
18.025,0.025249422990965664
18.03333333333333,0.024831736844325603
18.041666666666668,0.024479860484256877
18.05,0.0238750167994235
18.058333333333334,0.023091611572201076
18.066666666666666,0.02238220870231844
18.075,0.021760464433237203
18.083333333333332,0.02130128160248934
18.091666666666665,0.020763687182014712
18.1,0.02003832560679686
18.108333333333334,0.019302879457845812
18.116666666666667,0.018592003921116262
18.125,0.017999819109522752
18.133333333333333,0.017627236787866485
18.141666666666666,0.017099961569760236
18.15,0.016441110840210493
18.15833333333333,0.016029441023907465
18.166666666666668,0.015518030040127417
18.175,0.015042276190598836
18.183333333333334,0.014649770783277782
18.191666666666666,0.014257009119511999
18.2,0.014021940101912156
18.208333333333332,0.013630413282311515
18.216666666666665,0.013497634074163933
18.225,0.01307321927873728
18.233333333333334,0.012841490520952403
18.241666666666667,0.012783003932929526
18.25,0.012741671685124745
18.258333333333333,0.012493066376457085
18.266666666666666,0.012292012619220971
18.275,0.011827056663256341
18.28333333333333,0.011581548365134475
18.291666666666668,0.011215826982109434
18.3,0.010614299605352429
18.308333333333334,0.010142816527297205
18.316666666666666,0.00956275702021192
18.325,0.008817782203466518
18.333333333333332,0.008066582072967288
18.341666666666665,0.007467460925024039
18.35,0.00728246021477319
18.358333333333334,0.006844543537966485
18.366666666666667,0.005737070211444761
18.375,0.004729043849617254
18.383333333333333,0.004312752791987506
18.391666666666666,0.0035192473940206526
18.4,0.003056305205760612
18.40833333333333,0.001970844378538006
18.416666666666668,0.00013394722762116729
18.425,-0.0007528822504575539
18.433333333333334,-0.0019456754191716774
18.441666666666666,-0.0032390318225314907
18.45,-0.0045632187708462
18.458333333333332,-0.005541467346613316
18.466666666666665,-0.007042272243171888
18.475,-0.009232941439557663
18.483333333333334,-0.010326684053462709
18.491666666666667,-0.011886527675065373
18.5,-0.013263211923242535
18.508333333333333,-0.014827606842141017
18.516666666666666,-0.016494478892393194
18.525,-0.018091037584543446
18.53333333333333,-0.01997452762841767
18.541666666666668,-0.021765289210065264
18.55,-0.02323271289124773
18.558333333333334,-0.02452689341891967
18.566666666666666,-0.02621691266171211
18.575,-0.027377283975639433
18.583333333333332,-0.028549625166051196
18.591666666666665,-0.029693545740764993
18.6,-0.03088200372780181
18.608333333333334,-0.03195575808110385
18.616666666666667,-0.03296508894259076
18.625,-0.03394428069307098
18.633333333333333,-0.03503543982397872
18.641666666666666,-0.03583269955414403
18.65,-0.03694944876699535
18.65833333333333,-0.03822389337624943
18.666666666666668,-0.03959603793362265
18.675,-0.04080253043949211
18.683333333333334,-0.041951498339934834
18.691666666666666,-0.043260700156119714
18.7,-0.04465975964502311
18.708333333333332,-0.04587354964246937
18.716666666666665,-0.046929237995945394
18.725,-0.04806100866371665
18.733333333333334,-0.049200801649076475
18.741666666666667,-0.050326517598818565
18.75,-0.05163539142860607
18.758333333333333,-0.05277764418062647
18.766666666666666,-0.05358109960701507
18.775,-0.05419062512126871
18.78333333333333,-0.05574503125889818
18.791666666666668,-0.057222889383433895
18.8,-0.05859951966205068
18.808333333333334,-0.05992759142102888
18.816666666666666,-0.0612479517145148
18.825,-0.06255525216492042
18.833333333333332,-0.06317546250398054
18.841666666666665,-0.06452001997224222
18.85,-0.06512725581888668
18.858333333333334,-0.0662259964131886
18.866666666666667,-0.06733722896258865
18.875,-0.06844323403578556
18.883333333333333,-0.06954356628766489
18.891666666666666,-0.07075571389689006
18.9,-0.07193846565559547
18.90833333333333,-0.07317396410780619
18.916666666666668,-0.07443724381083094
18.925,-0.07573035743327572
18.933333333333334,-0.07694443416858876
18.941666666666666,-0.07796228091200685
18.95,-0.07890034724745976
18.958333333333332,-0.07974750651955853
18.966666666666665,-0.08093429368144012
18.975,-0.08177448922085151
18.983333333333334,-0.08260330426174722
18.991666666666667,-0.08360375510869866
19.0,-0.08441028959277619
19.008333333333333,-0.08513004211496278
19.016666666666666,-0.08607406254101602
19.025,-0.08716278531709087
19.03333333333333,-0.087983829041819
19.041666666666668,-0.08896337120620534
19.05,-0.08968551619981058
19.058333333333334,-0.09049475160203602
19.066666666666666,-0.0912881262591747
19.075,-0.0921043261662089
19.083333333333332,-0.09273923779872861
19.091666666666665,-0.09276277338288885
19.1,-0.09329366704875963
19.108333333333334,-0.09393235463125016
19.116666666666667,-0.09460501675997268
19.125,-0.09445580742190529
19.133333333333333,-0.09445511649379645
19.141666666666666,-0.09427866983301159
19.15,-0.09408258088579458
19.15833333333333,-0.09383972806647733
19.166666666666668,-0.09361923027508434
19.175,-0.09326092808977848
19.183333333333334,-0.09313995368267902
19.191666666666666,-0.09302207744070379
19.2,-0.09268958749256917
19.208333333333332,-0.09237511623999806
19.216666666666665,-0.09201147322444059
19.225,-0.09136030215328983
19.233333333333334,-0.09109945042233003
19.241666666666667,-0.09108426305136097
19.25,-0.09097293547948726
19.258333333333333,-0.0907228537043352
19.266666666666666,-0.09060375383865105
19.275,-0.09040425616129821
19.28333333333333,-0.08989230808263704
19.291666666666668,-0.08948152888297334
19.3,-0.08897802908936692
19.308333333333334,-0.08852248814573616
19.316666666666666,-0.08821090678552179
19.325,-0.08803650561045595
19.333333333333332,-0.08763578592529364
19.341666666666665,-0.08775822195219807
19.35,-0.08785531047421058
19.358333333333334,-0.08775239336653162
19.366666666666667,-0.08763606831138104
19.375,-0.08738234188651117
19.383333333333333,-0.0871321642695011
19.391666666666666,-0.08700637630883756
19.4,-0.08713935463416966
19.40833333333333,-0.08706435475852481
19.416666666666668,-0.08698644492887153
19.425,-0.08666256009734963
19.433333333333334,-0.0863154058208534
19.441666666666666,-0.08578613493742038
19.45,-0.08555153432756546
19.458333333333332,-0.08506109707663245
19.466666666666665,-0.08458792780327329
19.475,-0.08434245399266238
19.483333333333334,-0.08399050521779106
19.491666666666667,-0.08364930022677974
19.5,-0.08343083934262663
19.508333333333333,-0.08311572722377691
19.516666666666666,-0.08288069449015212
19.525,-0.08250666562046627
19.53333333333333,-0.08222655504119991
19.541666666666668,-0.08228071290141004
19.55,-0.08223960946258058
19.558333333333334,-0.08216008271561626
19.566666666666666,-0.08217680028560048
19.575,-0.08208997562958575
19.583333333333332,-0.08184875292285954
19.591666666666665,-0.08162589356147842
19.6,-0.08144568276384534
19.608333333333334,-0.0811630090341029
19.616666666666667,-0.08105452831129234
19.625,-0.08097283133443378
19.633333333333333,-0.08063787018948299
19.641666666666666,-0.08038074461191946
19.65,-0.08035654014141169
19.65833333333333,-0.08001091013530504
19.666666666666668,-0.0796249416141851
19.675,-0.07926470365747162
19.683333333333334,-0.07885121550965946
19.691666666666666,-0.0785890453572764
19.7,-0.07839381630579323
19.708333333333332,-0.07806429507639989
19.716666666666665,-0.07766829135846631
19.725,-0.07710903638582911
19.733333333333334,-0.07652370578400469
19.741666666666667,-0.07624152412601959
19.75,-0.0760753967891119
19.758333333333333,-0.07611816174356589
19.766666666666666,-0.0759118887911413
19.775,-0.07586843257685372
19.78333333333333,-0.0756504871013205
19.791666666666668,-0.07571479427121841
19.8,-0.07558424783140771
19.808333333333334,-0.0754686869802812
19.816666666666666,-0.07547583501427957
19.825,-0.07531547730432253
19.833333333333332,-0.0750885625598533
19.841666666666665,-0.07501637548492845
19.85,-0.07479590245692935
19.858333333333334,-0.07467682727386649
19.866666666666667,-0.07457294171753792
19.875,-0.07461203979891584
19.883333333333333,-0.07466462293927068
19.891666666666666,-0.07462246110358928
19.9,-0.0745837702104577
19.90833333333333,-0.07477462154656267
19.916666666666668,-0.07498880673346353
19.925,-0.0754570826310057
19.933333333333334,-0.07578904677826159
19.941666666666666,-0.07607910417334274
19.95,-0.07647508071254117
19.958333333333332,-0.07688341769693718
19.966666666666665,-0.07729060133664822
19.975,-0.0775797879098139
19.983333333333334,-0.07793327633942282
19.991666666666667,-0.0778258387128058
20.0,-0.07777449002550607
20.008333333333333,-0.07755629319149393
20.016666666666666,-0.07736184331638962
20.025,-0.07728009217792886
20.03333333333333,-0.07716331046910285
20.041666666666668,-0.07699906345898377
20.05,-0.07683533368408957
20.058333333333334,-0.07686327679527638
20.066666666666666,-0.07698757397652434
20.075,-0.07680773799140939
20.083333333333332,-0.07673365339358418
20.091666666666665,-0.07701111538409411
20.1,-0.07681800369442549
20.108333333333334,-0.07656954525629844
20.116666666666667,-0.07643048308623046
20.125,-0.07633903778873097
20.133333333333333,-0.0764609962203413
20.141666666666666,-0.07657667118527778
20.15,-0.07668408437492569
20.15833333333333,-0.07669982797793451
20.166666666666668,-0.07666243993360045
20.175,-0.07689818785437308
20.183333333333334,-0.07697031215012584
20.191666666666666,-0.07701082760788769
20.2,-0.07712374835585567
20.208333333333332,-0.07709343908220734
20.216666666666665,-0.0771035965916873
20.225,-0.07735431522800107
20.233333333333334,-0.0772343573477593
20.241666666666667,-0.07752265748121323
20.25,-0.07770898667499593
20.258333333333333,-0.07796325531346371
20.266666666666666,-0.07809696851672965
20.275,-0.07834946035350887
20.28333333333333,-0.07875683448094462
20.291666666666668,-0.07894362996435633
20.3,-0.07935977044212672
20.308333333333334,-0.07955989746703773
20.316666666666666,-0.07961840805415155
20.325,-0.07932391101476677
20.333333333333332,-0.0793220244987507
20.341666666666665,-0.07913958534439303
20.35,-0.07932691596991859
20.358333333333334,-0.07918460535209071
20.366666666666667,-0.07909435242678597
20.375,-0.07927873207332403
20.383333333333333,-0.07965857527888143
20.391666666666666,-0.0799810827538252
20.4,-0.07997347181636139
20.40833333333333,-0.08012485983310602
20.416666666666668,-0.08035022773699063
20.425,-0.0808001005376181
20.433333333333334,-0.08132413511165393
20.441666666666666,-0.08195278662193006
20.45,-0.08215148361601765
20.458333333333332,-0.0824847691646774
20.466666666666665,-0.08288436778584096
20.475,-0.0828920320347859
20.483333333333334,-0.08329122520086629
20.491666666666667,-0.08348005391586533
20.5,-0.0839375492485458
20.508333333333333,-0.08448362225828199
20.516666666666666,-0.08554789474212132
20.525,-0.08636325374336051
20.53333333333333,-0.08741863090590696
20.541666666666668,-0.0880984316631177
20.55,-0.08879809615370615
20.558333333333334,-0.08942165463932605
20.566666666666666,-0.09032729954875629
20.575,-0.09104031119765577
20.583333333333332,-0.09186544423743959
20.591666666666665,-0.09248781136839324
20.6,-0.0930961446881663
20.608333333333334,-0.09398500847569058
20.616666666666667,-0.09427797963296547
20.625,-0.09493130801411909
20.633333333333333,-0.09546148976133118
20.641666666666666,-0.0962744389340815
20.65,-0.09721807012609274
20.65833333333333,-0.09808097009280015
20.666666666666668,-0.09851364050027789
20.675,-0.09892857037740743
20.683333333333334,-0.0993790108854562
20.691666666666666,-0.09992737349489433
20.7,-0.10055642995480218
20.708333333333332,-0.10156755131621442
20.716666666666665,-0.10248231356197313
20.725,-0.10340067439002576
20.733333333333334,-0.10449740223659043
20.741666666666667,-0.10558175835680961
20.75,-0.10627611953291194
20.758333333333333,-0.1070405266008082
20.766666666666666,-0.10816569673755849
20.775,-0.10951621475089302
20.78333333333333,-0.11091376001260311
20.791666666666668,-0.11230100126660802
20.8,-0.11309637911837489
20.808333333333334,-0.11407123073209902
20.816666666666666,-0.11486517133027097
20.825,-0.11644315866371568
20.833333333333332,-0.11758240790051988
20.841666666666665,-0.11839593190275677
20.85,-0.11922979049528382
20.858333333333334,-0.12003515619672489
20.866666666666667,-0.1209240458887686
20.875,-0.12169244763049614
20.883333333333333,-0.12238936744429085
20.891666666666666,-0.12344914154921127
20.9,-0.12434505687963171
20.90833333333333,-0.12503881330780986
20.916666666666668,-0.1258157999753663
20.925,-0.12633475294863972
20.933333333333334,-0.126749818759766
20.941666666666666,-0.12718591565172777
20.95,-0.12794318493412904
20.958333333333332,-0.12859622737382626
20.966666666666665,-0.12936232931563008
20.975,-0.12995725765661625
20.983333333333334,-0.13086221608739934
20.991666666666667,-0.1316325375386288
21.0,-0.13264019469382926
21.008333333333333,-0.1333830846604348
21.016666666666666,-0.13410391264032018
21.025,-0.1348550349054013
21.03333333333333,-0.1355581044905041
21.041666666666668,-0.1361538571075599
21.05,-0.13681049667490974
21.058333333333334,-0.13741892636973252
21.066666666666666,-0.13815049516891642
21.075,-0.13873419883507632
21.083333333333332,-0.13927715674143204
21.091666666666665,-0.14016982980303827
21.1,-0.14092100819194797
21.108333333333334,-0.1420510440505709
21.116666666666667,-0.1428482364850151
21.125,-0.143945481110893
21.133333333333333,-0.1450798874086482
21.141666666666666,-0.14624095944185844
21.15,-0.14709610138288587
21.15833333333333,-0.14819412772744434
21.166666666666668,-0.14923778379713892
21.175,-0.15019172045687879
21.183333333333334,-0.15124302988602534
21.191666666666666,-0.15232261633315602
21.2,-0.1534015926962572
21.208333333333332,-0.15458270163796084
21.216666666666665,-0.15551908384021274
21.225,-0.15666710442721388
21.233333333333334,-0.15781181800028543
21.241666666666667,-0.15914121209751453
21.25,-0.1604499088109197
21.258333333333333,-0.16166184712915688
21.266666666666666,-0.16284714892612373
21.275,-0.16415306332760804
21.28333333333333,-0.16544670664631977
21.291666666666668,-0.16679157037162695
21.3,-0.16775247897264334
21.308333333333334,-0.1688581867986465
21.316666666666666,-0.1697383158798873
21.325,-0.1707202443647775
21.333333333333332,-0.17188383687285835
21.341666666666665,-0.17293781791474605
21.35,-0.1742503730848045
21.358333333333334,-0.17482795265019402
21.366666666666667,-0.1762122680614081
21.375,-0.17673969516135002
21.383333333333333,-0.1777325794872685
21.391666666666666,-0.1784355307840807
21.4,-0.17936567556793714
21.40833333333333,-0.179877131575661
21.416666666666668,-0.18065259782969523
21.425,-0.1816261792236521
21.433333333333334,-0.18217398757679848
21.441666666666666,-0.18310124012042261
21.45,-0.183894305337723
21.458333333333332,-0.18484234194488258
21.466666666666665,-0.1862333325092025
21.475,-0.18721460327462236
21.483333333333334,-0.18824850888801425
21.491666666666667,-0.1891155327607884
21.5,-0.19004457007615005
21.508333333333333,-0.19094853101447395
21.516666666666666,-0.19155832990660937
21.525,-0.1921796204436944
21.53333333333333,-0.19276540163018663
21.541666666666668,-0.1933153534078088
21.55,-0.19401402400593493
21.558333333333334,-0.1944709446918127
21.566666666666666,-0.1949778669022375
21.575,-0.1952449002929767
21.583333333333332,-0.1957536399986587
21.591666666666665,-0.19593976855054318
21.6,-0.19614846887527626
21.608333333333334,-0.1965599902174998
21.616666666666667,-0.19668309346022972
21.625,-0.19709608331376505
21.633333333333333,-0.19713092979047664
21.641666666666666,-0.19748605464351365
21.65,-0.19751312563930734
21.65833333333333,-0.19784866455062466
21.666666666666668,-0.19800382996393484
21.675,-0.19810096211608907
21.683333333333334,-0.19826850942799124
21.691666666666666,-0.19834705023487909
21.7,-0.19872944427143746
21.708333333333332,-0.19893767815051155
21.716666666666665,-0.19920768653760113
21.725,-0.19959716565229113
21.733333333333334,-0.20012544370472973
21.741666666666667,-0.200618989908404
21.75,-0.20109278978243295
21.758333333333333,-0.2017584457824274
21.766666666666666,-0.20205429803988018
21.775,-0.20260686953488405
21.78333333333333,-0.20340359100869598
21.791666666666668,-0.204046948485189
21.8,-0.2050970246291507
21.808333333333334,-0.2060600033926615
21.816666666666666,-0.20702119773365435
21.825,-0.20812434978971428
21.833333333333332,-0.20885054138024872
21.841666666666665,-0.2097897674309862
21.85,-0.21065866367635322
21.858333333333334,-0.21141758882102113
21.866666666666667,-0.21227022723435818
21.875,-0.2131646062034095
21.883333333333333,-0.21415389890843428
21.891666666666666,-0.21515993558840962
21.9,-0.21578292281181444
21.90833333333333,-0.2167086101705512
21.916666666666668,-0.2177002222777552
21.925,-0.21874010303640967
21.933333333333334,-0.2198282988424045
21.941666666666666,-0.22110888113103844
21.95,-0.2222134773865988
21.958333333333332,-0.22360377591844072
21.966666666666665,-0.22481653895970977
21.975,-0.22607652190455052
21.983333333333334,-0.22724049026244653
21.991666666666667,-0.2287203705048676
22.0,-0.23019707469379413
22.008333333333333,-0.23153959212969044
22.016666666666666,-0.23329802609580497
22.025,-0.23460818890288704
22.03333333333333,-0.23589969718625192
22.041666666666668,-0.23726338008058134
22.05,-0.23855521733225415
22.058333333333334,-0.23979595620424765
22.066666666666666,-0.24126652592775744
22.075,-0.24250933542471265
22.083333333333332,-0.24371237990138472
22.091666666666665,-0.24511338190502185
22.1,-0.2466999614225156
22.108333333333334,-0.24839991266664507
22.116666666666667,-0.2500284009760917
22.125,-0.25166350363078727
22.133333333333333,-0.25328579531696593
22.141666666666666,-0.2551187442265658
22.15,-0.25683802778127096
22.15833333333333,-0.25856684526364526
22.166666666666668,-0.2603103018667876
22.175,-0.2621592889404343
22.183333333333334,-0.264054900315017
22.191666666666666,-0.2661710084560224
22.2,-0.2679902416840869
22.208333333333332,-0.27035481933276906
22.216666666666665,-0.27236987685363734
22.225,-0.27540212607928194
22.233333333333334,-0.2781735272489786
22.241666666666667,-0.2810819902957301
22.25,-0.28310068282255785
22.258333333333333,-0.28534486912414614
22.266666666666666,-0.2877128927687542
22.275,-0.28987608580231394
22.28333333333333,-0.29208377504561833
22.291666666666668,-0.2943704682645526
22.3,-0.2964086711213074
22.308333333333334,-0.2988252692864909
22.316666666666666,-0.3011392637369785
22.325,-0.3035244327377018
22.333333333333332,-0.3058847404251329
22.341666666666665,-0.3083934729973433
22.35,-0.31092405417756597
22.358333333333334,-0.31358931111527133
22.366666666666667,-0.31608914605176774
22.375,-0.3187165302469146
22.383333333333333,-0.3212033339436705
22.391666666666666,-0.3240099528687963
22.4,-0.32660427426556216
22.40833333333333,-0.326423150348482
22.416666666666668,-0.32931866869620974
22.425,-0.33196274224128064
22.433333333333334,-0.33195954272019246
22.441666666666666,-0.3345387116240178
22.45,-0.3345997644089511
22.458333333333332,-0.337100137445808
22.466666666666665,-0.3400211336747796
22.475,-0.34284232327636954
22.483333333333334,-0.342901844862856
22.491666666666667,-0.3458201810180984
22.5,-0.34597083644856563
22.508333333333333,-0.346109796568694
22.516666666666666,-0.34629601519341235
22.525,-0.34661478853871996
22.53333333333333,-0.34690326406170713
22.541666666666668,-0.3470516097945411
22.55,-0.34724060604424734
22.558333333333334,-0.34739119618985104
22.566666666666666,-0.34762007512305015
22.575,-0.3479748536735814
22.583333333333332,-0.34813038087051784
22.591666666666665,-0.3487013566679027
22.6,-0.3490593285175917
22.608333333333334,-0.3496724702703534
22.616666666666667,-0.3502238534729003
22.625,-0.3507491983182468
22.633333333333333,-0.35128239386708415
22.641666666666666,-0.3518896473832883
22.65,-0.35253826511050645
22.65833333333333,-0.3532980621042028
22.666666666666668,-0.3537909409337585
22.675,-0.35463036942983217
22.683333333333334,-0.35522275905531353
22.691666666666666,-0.35595917417263745
22.7,-0.3565754981085072
22.708333333333332,-0.3571122560194555
22.716666666666665,-0.35787562939697115
22.725,-0.3584460433086645
22.733333333333334,-0.3591386751526894
22.741666666666667,-0.3596706511285801
22.75,-0.3602358254040505
22.758333333333333,-0.3606918065259037
22.766666666666666,-0.3611833288059768
22.775,-0.361643878012896
22.78333333333333,-0.36223754437481437
22.791666666666668,-0.362936854323453
22.8,-0.3634553013475048
22.808333333333334,-0.36385475421169444
22.816666666666666,-0.36445278129964254
22.825,-0.3651643523713106
22.833333333333332,-0.36581545618587386
22.841666666666665,-0.3662263915055025
22.85,-0.3666721700349225
22.858333333333334,-0.3671149129843443
22.866666666666667,-0.36770562284938635
22.875,-0.3682182133814329
22.883333333333333,-0.3688286925145603
22.891666666666666,-0.36943470167191383
22.9,-0.3700691195446054
22.90833333333333,-0.37055555457130085
22.916666666666668,-0.3710685903787996
22.925,-0.37171976708859666
22.933333333333334,-0.37224867016549723
22.941666666666666,-0.3728004132359438
22.95,-0.373539751372461
22.958333333333332,-0.37421370732715964
22.966666666666665,-0.37506151933309917
22.975,-0.3757046185692804
22.983333333333334,-0.37637674238428864
22.991666666666667,-0.37715317964629547
23.0,-0.37805985225125316
23.008333333333333,-0.3788715500480446
23.016666666666666,-0.3796843499347575
23.025,-0.3803503573844862
23.03333333333333,-0.3812867341113404
23.041666666666668,-0.38209441431747937
23.05,-0.3828735613370683
23.058333333333334,-0.3835297138916378
23.066666666666666,-0.3844675089579277
23.075,-0.3854756729097373
23.083333333333332,-0.3861972610663329
23.091666666666665,-0.38667695839547434
23.1,-0.3868915991786329
23.108333333333334,-0.38710118038497343
23.116666666666667,-0.38740073414567944
23.125,-0.3875360090713036
23.133333333333333,-0.38774351667244855
23.141666666666666,-0.3878866524457144
23.15,-0.3883395349825981
23.15833333333333,-0.38853511516350603
23.166666666666668,-0.3888044320190087
23.175,-0.3892696891363262
23.183333333333334,-0.3896704613327323
23.191666666666666,-0.39006159953955466
23.2,-0.39043006885637643
23.208333333333332,-0.39073436560649666
23.216666666666665,-0.39101838378685405
23.225,-0.3912644053430947
23.233333333333334,-0.39148138579654834
23.241666666666667,-0.3916996651898572
23.25,-0.39182010136010803
23.258333333333333,-0.39202451395664306
23.266666666666666,-0.3923484957384348
23.275,-0.3927415121476504
23.28333333333333,-0.393145833177182
23.291666666666668,-0.3930706256654899
23.3,-0.3931620033911958
23.308333333333334,-0.39310521529602027
23.316666666666666,-0.3933769777771876
23.325,-0.39369083205834543
23.333333333333332,-0.3939360652540639
23.341666666666665,-0.3942655590361812
23.35,-0.3942564903619261
23.358333333333334,-0.39432235459676146
23.366666666666667,-0.39452021967164896
23.375,-0.3948290134200172
23.383333333333333,-0.3952628955324087
23.391666666666666,-0.3956603873600292
23.4,-0.3958214981046708
23.40833333333333,-0.3959693220666012
23.416666666666668,-0.3960631234092188
23.425,-0.3965203510278744
23.433333333333334,-0.39679152555505737
23.441666666666666,-0.3968453817233004
23.45,-0.397056787054319
23.458333333333332,-0.3969427827194182
23.466666666666665,-0.3970620864222113
23.475,-0.396973144813369
23.483333333333334,-0.3969509386534881
23.491666666666667,-0.3969959666807472
23.5,-0.3968143985391762
23.508333333333333,-0.3968261930822178
23.516666666666666,-0.39665810409203217
23.525,-0.39677037478675437
23.53333333333333,-0.39666575466278886
23.541666666666668,-0.3966877288255892
23.55,-0.39661486609891095
23.558333333333334,-0.39680112520230604
23.566666666666666,-0.3967240898555351
23.575,-0.3969982078181925
23.583333333333332,-0.39770474857470395
23.591666666666665,-0.3978811395897055
23.6,-0.3983137345100648
23.608333333333334,-0.3982901676042243
23.616666666666667,-0.3986443638374466
23.625,-0.3989365468439018
23.633333333333333,-0.3991112427732243
23.641666666666666,-0.3992063970250329
23.65,-0.3988317599938024
23.65833333333333,-0.3984076950374885
23.666666666666668,-0.397958834302241
23.675,-0.39819352309658607
23.683333333333334,-0.398337877068651
23.691666666666666,-0.39820892430833676
23.7,-0.398139887790513
23.708333333333332,-0.39771222615353174
23.716666666666665,-0.3978047766317758
23.725,-0.39811401731247276
23.733333333333334,-0.3985294735300571
23.741666666666667,-0.3988908680300718
23.75,-0.39864403123520187
23.758333333333333,-0.39847769131209954
23.766666666666666,-0.39845508622235504
23.775,-0.39849361134226335
23.78333333333333,-0.398564491424653
23.791666666666668,-0.39867387654358066
23.8,-0.39839943648575904
23.808333333333334,-0.3979667277683695
23.816666666666666,-0.3979021713666332
23.825,-0.39875602158840817
23.833333333333332,-0.39896587677734596
23.841666666666665,-0.3992475820689171
23.85,-0.3991813398701153
23.858333333333334,-0.3991880761323937
23.866666666666667,-0.39953404628205835
23.875,-0.39936237186913626
23.883333333333333,-0.39985218994074323
23.891666666666666,-0.39988659758509126
23.9,-0.3994789811504045
23.90833333333333,-0.39976309191002735
23.916666666666668,-0.39990412065529335
23.925,-0.3999899900411713
23.933333333333334,-0.4
23.941666666666666,-0.4
