lag_frame[sec],MSD_[px^2]
0.008333333333333333,1.4877352096442213
0.016666666666666666,2.8253502766299796
0.025,4.186775770015209
0.03333333333333333,5.561372259054966
0.041666666666666664,6.942494217333995
0.05,8.31089436527224
0.058333333333333334,9.634049088312779
0.06666666666666667,10.931915545149993
0.075,12.197711922429917
0.08333333333333333,13.394698740211927
0.09166666666666666,14.545140733191525
0.1,15.644134568074284
0.10833333333333334,16.689963028890844
0.11666666666666667,17.708764100405375
0.125,18.678302116764797
0.13333333333333333,19.629274400475104
0.14166666666666666,20.586928041812918
0.15,21.538711473735898
0.15833333333333333,22.51099162261087
0.16666666666666666,23.522077948644224
0.175,24.58458884094803
0.18333333333333332,25.68528613130056
0.19166666666666665,26.83782978521058
0.2,28.00086175634229
0.20833333333333334,29.194364968584974
0.21666666666666667,30.387649777242917
0.225,31.56869355858711
0.23333333333333334,32.73199224609289
0.24166666666666667,33.86876470273144
0.25,34.93506276965644
0.2583333333333333,35.99833711333757
0.26666666666666666,36.99413632655999
0.275,37.929169541016655
0.2833333333333333,38.83530224259246
0.2916666666666667,39.69337987818689
0.3,40.51919727560313
0.30833333333333335,41.34566253463186
0.31666666666666665,42.18120322749058
0.325,43.012509540117115
0.3333333333333333,43.869001306088585
0.3416666666666667,44.74459331048385
0.35,45.66572684144797
0.35833333333333334,46.63806742600291
0.36666666666666664,47.657895316934265
0.375,48.71429924908412
0.3833333333333333,49.762037514250174
0.39166666666666666,50.842289765801056
0.4,51.8882289278554
0.4083333333333333,52.92213422721055
0.4166666666666667,53.932863593318345
0.425,54.87458764088238
0.43333333333333335,55.74862079752198
0.44166666666666665,56.56641318724646
0.45,57.34691527693758
0.4583333333333333,58.11355413756062
0.4666666666666667,58.84071147708048
0.475,59.552545616476785
0.48333333333333334,60.25050577053022
0.49166666666666664,60.92833661706155
0.5,61.6738826764261
0.5083333333333333,62.43726758767186
0.5166666666666666,63.23482158714115
0.525,64.08212115638075
0.5333333333333333,64.91542201045306
0.5416666666666666,65.78920013209627
0.55,66.73711661613991
0.5583333333333333,67.6794300381612
0.5666666666666667,68.63117450621024
0.575,69.58644521934666
0.5833333333333334,70.52565200665612
0.5916666666666667,71.41640745997726
0.6,72.2840213392163
0.6083333333333333,73.13176026266835
0.6166666666666667,73.91965245995023
0.625,74.63866278824426
0.6333333333333333,75.33956892258053
0.6416666666666666,76.0163989883405
0.65,76.65234204031975
0.6583333333333333,77.32627829752617
0.6666666666666666,77.99209745578317
0.675,78.67670483588327
0.6833333333333333,79.37319441227498
0.6916666666666667,80.17331586883984
0.7,81.01550363280988
0.7083333333333334,81.87379036829238
0.7166666666666667,82.7736387360096
0.725,83.74244727825167
0.7333333333333333,84.70216660117912
0.7416666666666667,85.64737900073372
0.75,86.60101072735569
0.7583333333333333,87.54655660891359
0.7666666666666666,88.42582751708672
0.775,89.31720918283159
0.7833333333333333,90.10921756696827
0.7916666666666666,90.87546759369171
0.8,91.59866493224003
0.8083333333333333,92.30464518287951
0.8166666666666667,92.96814652003148
0.825,93.58589766814922
0.8333333333333334,94.25776033390711
0.8416666666666667,94.87115228963319
0.85,95.59438194135026
0.8583333333333333,96.313688536672
0.8666666666666667,97.05417602124044
0.875,97.88907782224086
0.8833333333333333,98.75238984042898
0.8916666666666666,99.68393619879272
0.9,100.58268674023525
0.9083333333333333,101.54930282122845
0.9166666666666666,102.54987558714865
0.9249999999999999,103.48165982217809
0.9333333333333333,104.38863997051105
0.9416666666666667,105.30097831720556
0.95,106.13235509587636
0.9583333333333334,106.92268099579907
0.9666666666666667,107.68001325800493
0.975,108.3268792224045
0.9833333333333333,108.96158127795596
0.9916666666666667,109.56677308828436
1.0,110.18012703069944
1.0083333333333333,110.79845665445872
1.0166666666666666,111.4442922139155
1.025,112.09771717512207
1.0333333333333332,112.77329319936632
1.0416666666666667,113.47476435368606
1.05,114.20510112024382
1.0583333333333333,114.96058709551018
1.0666666666666667,115.83223591668617
1.075,116.69129073110318
1.0833333333333333,117.57022628176537
1.0916666666666666,118.49487220030021
1.1,119.42028331337626
1.1083333333333334,120.23775937530982
1.1166666666666667,121.05022682158948
1.125,121.78605537040471
1.1333333333333333,122.53336453083566
1.1416666666666666,123.19564038314552
1.15,123.81640722232522
1.1583333333333332,124.46912918887256
1.1666666666666667,125.02898815788912
1.175,125.51893126577998
1.1833333333333333,126.10501458000054
1.1916666666666667,126.63610556904192
1.2,127.23126636458852
1.2083333333333333,127.82890136308687
1.2166666666666666,128.4641881462563
1.225,129.14694502171739
1.2333333333333334,129.90600852622487
1.2416666666666667,130.64209101214806
1.25,131.48615991833594
1.2583333333333333,132.3381383219449
1.2666666666666666,133.15382895203967
1.275,133.89764168106845
1.2833333333333332,134.62512803753702
1.2916666666666667,135.3631267721778
1.3,136.11352320840422
1.3083333333333333,136.75682669263463
1.3166666666666667,137.3855026833706
1.325,137.96169225826705
1.3333333333333333,138.50688833679038
1.3416666666666666,138.9629780979312
1.35,139.53152316302334
1.3583333333333334,140.0865035138826
1.3666666666666667,140.72840652604492
1.375,141.40979879840768
1.3833333333333333,142.05744241544025
1.3916666666666666,142.77503319466913
1.4,143.5598795268683
1.4083333333333332,144.37053719115877
1.4166666666666667,145.21044392201026
1.425,146.0436965044253
1.4333333333333333,146.91819731530944
1.4416666666666667,147.7528649243426
1.45,148.60521008026961
1.4583333333333333,149.42816376024774
1.4666666666666666,150.2610870941813
1.475,151.01116491913055
1.4833333333333334,151.8198449425234
1.4916666666666667,152.48303629016127
1.5,153.2032655155113
1.5083333333333333,153.79505093919624
1.5166666666666666,154.4087311527618
1.525,154.9894733613663
1.5333333333333332,155.62391983633088
1.5416666666666667,156.234967652415
1.55,156.89512435857637
1.5583333333333333,157.59187326420502
1.5666666666666667,158.31918727504006
1.575,159.0684190720527
1.5833333333333333,159.9075968857913
1.5916666666666666,160.77371287423395
1.6,161.7062515651541
1.6083333333333334,162.6261384590115
1.6166666666666667,163.5661480846916
1.625,164.47739898211293
1.6333333333333333,165.38656907040328
1.6416666666666666,166.30266665532227
1.65,167.0863027159696
1.6583333333333332,167.81736319609567
1.6666666666666667,168.52137819801277
1.675,169.1829220048933
1.6833333333333333,169.85494896537656
1.6916666666666667,170.48865903579545
1.7,171.1475605051007
1.7083333333333333,171.77550436892685
1.7166666666666666,172.37178891328446
1.7249999999999999,173.07604954295758
1.7333333333333334,173.82694171650806
1.7416666666666667,174.5911965246142
1.75,175.40129223012048
1.7583333333333333,176.30555651887846
1.7666666666666666,177.17499650332337
1.775,178.06077667411932
1.7833333333333332,178.99303521480275
1.7916666666666667,179.80647988659925
1.8,180.6642451842562
1.8083333333333333,181.50998121552294
1.8166666666666667,182.3410951051414
1.825,183.1264933101538
1.8333333333333333,183.8689935412298
1.8416666666666666,184.58092565126606
1.8499999999999999,185.26973561389545
1.8583333333333334,185.96211644776847
1.8666666666666667,186.5156626835403
1.875,187.07415474726486
1.8833333333333333,187.643149473659
1.8916666666666666,188.24435049635713
1.9,188.90782396784553
1.9083333333333332,189.63895955939077
1.9166666666666667,190.45200814454512
1.925,191.29861256469704
1.9333333333333333,192.16853077719207
1.9416666666666667,193.04063446852064
1.95,193.95583969260926
1.9583333333333333,194.8622745600759
1.9666666666666666,195.90196482128988
1.9749999999999999,196.84400858463235
1.9833333333333334,197.7299910963176
1.9916666666666667,198.596819237272
2.0,199.4677120709545
2.0083333333333333,200.1869910262347
2.0166666666666666,200.8551549037675
2.025,201.50692102273942
2.033333333333333,202.13625312293934
2.0416666666666665,202.81029003505856
2.05,203.4371658462411
2.058333333333333,204.08240133526206
2.0666666666666664,204.77284792694522
2.075,205.5697600094272
2.0833333333333335,206.349096478017
2.091666666666667,207.1433620735445
2.1,208.0182428634177
2.1083333333333334,208.8705329145958
2.1166666666666667,209.87919373456108
2.125,210.86533362720087
2.1333333333333333,211.85932140685136
2.1416666666666666,212.7439822610788
2.15,213.65651860331312
2.158333333333333,214.49627449224687
2.1666666666666665,215.36592964664084
2.175,216.19484027875424
2.183333333333333,217.0455448654991
2.1916666666666664,217.79573036706964
2.2,218.60610318279132
2.2083333333333335,219.34558313599186
2.216666666666667,220.14325152950644
2.225,220.88187685437327
2.2333333333333334,221.6370473946454
2.2416666666666667,222.49857705427178
2.25,223.46968404359674
2.2583333333333333,224.56744844986235
2.2666666666666666,225.53229709802113
2.275,226.52467292980694
2.283333333333333,227.66534764531443
2.2916666666666665,228.72184763942911
2.3,229.87356810701147
2.308333333333333,231.10400715538583
2.3166666666666664,232.2780752029753
2.325,233.38817497001554
2.3333333333333335,234.5093156744924
2.341666666666667,235.60736654192874
2.35,236.6569807437112
2.3583333333333334,237.65853860005498
2.3666666666666667,238.6172073915728
2.375,239.62413654005783
2.3833333333333333,240.55499365378842
2.3916666666666666,241.51313928760584
2.4,242.2648783811068
2.408333333333333,243.05050328738375
2.4166666666666665,244.00803861562255
2.425,244.87752567944324
2.433333333333333,245.9442913868065
2.4416666666666664,247.17166042522786
2.45,248.31743070764617
2.4583333333333335,249.43756361873872
2.466666666666667,250.74271068330137
2.475,251.8687917525234
2.4833333333333334,253.1223238990952
2.4916666666666667,254.29168341894479
2.5,255.44057791039285
2.5083333333333333,256.57745125435923
2.5166666666666666,257.7004205613478
2.525,258.7625273477874
2.533333333333333,259.7911661900894
2.5416666666666665,260.76591097784933
2.55,261.8369166291154
2.558333333333333,262.87907723395926
2.5666666666666664,263.91191495751025
2.575,264.9199497398438
2.5833333333333335,265.9757000115703
2.591666666666667,266.9981062804806
2.6,268.09055647185977
2.6083333333333334,269.2316274306415
2.6166666666666667,270.33463764685126
2.625,271.48502091735634
2.6333333333333333,272.61534897164563
2.6416666666666666,273.85026097040134
2.65,275.03047085252365
2.658333333333333,276.2674707133911
2.6666666666666665,277.4257904618327
2.675,278.54349041418226
2.683333333333333,279.6267204939564
2.6916666666666664,280.71787816474585
2.7,281.6885115073668
2.7083333333333335,282.57669670907796
2.716666666666667,283.5651692868667
2.725,284.4918869548028
2.7333333333333334,285.4133192894127
2.7416666666666667,286.31091970328
2.75,287.20305717907183
2.7583333333333333,288.0970926006827
2.7666666666666666,289.0479806116715
2.775,290.00948673895005
2.783333333333333,290.942042668296
2.7916666666666665,292.0236139234134
2.8,293.1130354943831
2.808333333333333,294.2672780206841
2.8166666666666664,295.42842154672695
2.825,296.55833927664736
2.8333333333333335,297.67697988894037
2.841666666666667,298.8567923303681
2.85,300.0434158626157
2.8583333333333334,301.157874293877
2.8666666666666667,302.23172389316363
2.875,303.2986279787098
2.8833333333333333,304.25570423597844
2.8916666666666666,305.1871336708594
2.9,306.1097890174253
2.908333333333333,306.9986003598095
2.9166666666666665,307.96782728755045
2.925,308.949191606476
2.933333333333333,309.9441479162109
2.9416666666666664,310.8644154188885
2.95,311.862252625558
2.9583333333333335,312.87535424714116
2.966666666666667,313.88508906188184
2.975,314.8982787472256
2.9833333333333334,315.95765594105336
2.9916666666666667,317.16342883464785
3.0,318.3372895529307
3.0083333333333333,319.53649640032546
3.0166666666666666,320.62362610020097
3.025,321.7016260648285
3.033333333333333,322.82623762500674
3.0416666666666665,323.9304430267968
3.05,324.9749504926924
3.058333333333333,326.0033010699176
3.0666666666666664,327.0362468574521
3.075,328.0357264247388
3.0833333333333335,328.993246260566
3.091666666666667,329.97245168134697
3.1,330.97626168128613
3.1083333333333334,331.89125279054826
3.1166666666666667,332.8629072108654
3.125,333.9488508083631
3.1333333333333333,334.9680304243525
3.1416666666666666,335.9932959543165
3.15,337.1470910089058
3.158333333333333,338.24473631077547
3.1666666666666665,339.3759830260799
3.175,340.6515489299361
3.183333333333333,341.7925061777762
3.1916666666666664,342.8873530806286
3.2,343.914855689935
3.2083333333333335,344.90042150037505
3.216666666666667,345.88784597408596
3.225,346.76776971077317
3.2333333333333334,347.7882918168046
3.2416666666666667,348.68846070309337
3.25,349.57857375992916
3.2583333333333333,350.40190099077523
3.2666666666666666,351.1985996593154
3.275,351.9757560370585
3.283333333333333,352.8605332359691
3.2916666666666665,353.77029639514546
3.3,354.6632329748017
3.308333333333333,355.61490633724884
3.3166666666666664,356.64650500013516
3.3249999999999997,357.55788261948845
3.3333333333333335,358.511795752981
3.341666666666667,359.61331143474484
3.35,360.61727958140244
3.3583333333333334,361.68779299588954
3.3666666666666667,362.5757048853992
3.375,363.53984195084814
3.3833333333333333,364.3855623985862
3.3916666666666666,365.2057162096148
3.4,366.06230540470943
3.408333333333333,366.9382009203735
3.4166666666666665,367.8384379318242
3.425,368.58058266734315
3.433333333333333,369.3832007960928
3.4416666666666664,370.1744332983844
3.4499999999999997,371.02561743029554
3.4583333333333335,371.81739545821324
3.466666666666667,372.695626761629
3.475,373.57023243628606
3.4833333333333334,374.2470095845061
3.4916666666666667,375.14125887276265
3.5,375.9680395295238
3.5083333333333333,377.02560149793777
3.5166666666666666,378.089219727389
3.525,379.0184131360916
3.533333333333333,379.92648997268196
3.5416666666666665,380.8987701554778
3.55,381.75102159736394
3.558333333333333,382.6070356554073
3.5666666666666664,383.5902412470155
3.5749999999999997,384.38121619173415
3.5833333333333335,385.0952311963974
3.591666666666667,386.0351931892045
3.6,386.82257034860896
3.6083333333333334,387.82091685528064
3.6166666666666667,388.6579678118362
3.625,389.5381405103232
3.6333333333333333,390.4360267131228
3.6416666666666666,391.38791435874066
3.65,392.43649242802223
3.658333333333333,393.5034157319147
3.6666666666666665,394.43086142936164
3.675,395.42123494335686
3.683333333333333,396.3826423523219
3.6916666666666664,397.55403978307805
3.6999999999999997,398.5531373766236
3.7083333333333335,399.68358357942634
3.716666666666667,400.76684699782913
3.725,401.6805718510553
3.7333333333333334,402.566730444786
3.7416666666666667,403.439911453833
3.75,404.18977043594464
3.7583333333333333,404.9476788579604
3.7666666666666666,405.81075317461523
3.775,406.5066317380243
3.783333333333333,407.19908778035153
3.7916666666666665,407.9146210700095
3.8,408.6131386298476
3.808333333333333,409.2722421770993
3.8166666666666664,410.054771843518
3.8249999999999997,410.85915278214435
3.8333333333333335,411.6360906758461
3.841666666666667,412.5315675337147
3.85,413.43455888517724
3.8583333333333334,414.4082601070111
3.8666666666666667,415.42459808693246
3.875,416.4576740775669
3.8833333333333333,417.49578555333596
3.8916666666666666,418.5326130452545
3.9,419.3515129152026
3.908333333333333,420.296407858161
3.9166666666666665,421.2928595560296
3.925,422.2275976091768
3.933333333333333,422.9744830594423
3.9416666666666664,423.7064373777142
3.9499999999999997,424.29937504675576
3.9583333333333335,425.22223755242794
3.966666666666667,425.9212285815972
3.975,426.6852519291665
3.9833333333333334,427.62354955591763
3.9916666666666667,428.53311190120417
4.0,429.178910947666
4.008333333333333,430.103065761289
4.016666666666667,430.9096853145194
4.025,431.8742343883922
4.033333333333333,432.751649039835
4.041666666666667,433.62271693039537
4.05,434.4971427530859
4.058333333333334,435.7202275542566
4.066666666666666,436.6377201358697
4.075,437.70113822801756
4.083333333333333,438.60508495547583
4.091666666666667,439.6014426898131
4.1,440.44978851238477
4.108333333333333,441.1722445865873
4.116666666666666,442.1390546584289
4.125,443.1761352301015
4.133333333333333,444.0371717528362
4.141666666666667,444.8709864009044
4.15,445.80027458214806
4.158333333333333,446.68016440136245
4.166666666666667,447.62483671918744
4.175,448.5597034876775
4.183333333333334,449.5892107257884
4.191666666666666,450.5122351417026
4.2,451.55028714009376
4.208333333333333,452.5045996669841
4.216666666666667,453.5113792492604
4.225,454.59835124881204
4.233333333333333,455.8081047147137
4.241666666666666,456.8091301490136
4.25,458.001260228366
4.258333333333333,459.0460263015698
4.266666666666667,459.96899837063785
4.275,460.9280771993853
4.283333333333333,461.82999863789587
4.291666666666667,462.7511621429963
4.3,463.6976723113099
4.308333333333334,464.71713624404447
4.316666666666666,465.6978958186963
4.325,466.6219988463197
4.333333333333333,467.6827560150037
4.341666666666667,468.7457258282459
4.35,469.6576190350054
4.358333333333333,470.8190455447659
4.366666666666666,472.0238613629104
4.375,473.0522349617794
4.383333333333333,474.18162513083354
4.391666666666667,475.27541076793557
4.4,476.3589481906375
4.408333333333333,477.5456730538265
4.416666666666667,478.6037178825393
4.425,479.6201908816163
4.433333333333334,480.63492687120066
4.441666666666666,481.66382892362265
4.45,482.76767845237663
4.458333333333333,483.63190551458075
4.466666666666667,484.4884079116347
4.475,485.4304088480492
4.483333333333333,486.43345958202804
4.491666666666666,487.4274528586781
4.5,488.31617973527597
4.508333333333333,489.20341740937795
4.516666666666667,490.2035775943486
4.525,491.2290688097434
4.533333333333333,492.0331331447213
4.541666666666667,493.14971419236076
4.55,494.1836424196831
4.558333333333334,495.1272794605391
4.566666666666666,496.14379615082095
4.575,497.37998172073833
4.583333333333333,498.5177065721833
4.591666666666667,499.51087409528515
4.6,500.4167697214853
4.608333333333333,501.50376676593766
4.616666666666666,502.55730100222615
4.625,503.58157896530923
4.633333333333333,504.57864986137736
4.641666666666667,505.5321362471445
4.65,506.5317621079487
4.658333333333333,507.24333928330435
4.666666666666667,507.99232248272517
4.675,508.9169474369994
4.683333333333334,509.8147818252903
4.691666666666666,510.62589497800224
4.7,511.56801136707816
4.708333333333333,512.4424686792314
4.716666666666667,513.3646967210353
4.725,514.2110815442454
4.733333333333333,515.2363532895771
4.741666666666666,516.2851196893816
4.75,517.143150821083
4.758333333333333,518.1876252028425
4.766666666666667,519.0456246766942
4.775,520.0581614518657
4.783333333333333,520.8681778387731
4.791666666666667,522.0170670058365
4.8,522.8307911326435
4.808333333333334,523.8867579569277
4.816666666666666,524.695511929586
4.825,525.5882797365853
4.833333333333333,526.6028972659641
4.841666666666667,527.6007025392789
4.85,528.625270004847
4.858333333333333,529.7247911740699
4.866666666666666,530.8481202171121
4.875,531.8920800287569
4.883333333333333,533.3282939242339
4.891666666666667,534.5074374383272
4.9,535.8480348659988
4.908333333333333,537.1161513769002
4.916666666666667,538.2369210856405
4.925,539.3549939052709
4.933333333333334,540.5372821292933
4.941666666666666,541.8682064930276
4.95,543.1162794733897
4.958333333333333,544.2395257849804
4.966666666666667,545.4037647045412
4.975,546.5815689518828
4.983333333333333,547.6912935751948
4.991666666666666,549.0991511268829
5.0,550.5191478361779
5.008333333333333,552.0110766469602
5.016666666666667,553.5408144505194
5.025,554.8436844987701
5.033333333333333,555.9264779438744
5.041666666666667,557.0461138371248
5.05,558.0714311609977
5.058333333333334,559.3327133058813
5.066666666666666,560.9402250829863
5.075,562.3656388244366
5.083333333333333,563.6981439467344
5.091666666666667,565.0148676812047
5.1,566.2713267236362
5.108333333333333,567.4202910645179
5.116666666666666,568.8289072915691
5.125,570.0447795007626
5.133333333333333,571.1216539715489
5.141666666666667,572.2048462739535
5.15,573.310770025018
5.158333333333333,574.2391843938523
5.166666666666667,575.3169577023036
5.175,576.156591887849
5.183333333333334,577.2714092329348
5.191666666666666,578.4480225761064
5.2,579.6269657203646
5.208333333333333,580.9199266761678
5.216666666666667,582.0120207582763
5.225,583.1719492448094
5.233333333333333,584.4718310432825
5.241666666666666,585.441753698008
5.25,587.0810786910158
5.258333333333333,588.5733081982605
5.266666666666667,589.9201834064248
5.275,591.3413260585005
5.283333333333333,592.4130369294842
5.291666666666667,593.753686440086
5.3,594.8769652269663
5.308333333333334,596.1152124879011
5.316666666666666,597.4121746928731
5.325,598.5926380198856
5.333333333333333,599.6350145289495
5.341666666666667,600.6407877411998
5.35,601.7944140063925
5.358333333333333,602.7931955680231
5.366666666666666,604.1104596528828
5.375,605.1521992124517
5.383333333333333,606.346103967838
5.391666666666667,607.6389813919669
5.4,608.7957186502283
5.408333333333333,610.0157533317762
5.416666666666667,611.226401544963
5.425,612.2969928498181
5.433333333333334,613.5236492411522
5.441666666666666,614.6991373479271
5.45,615.8035140514158
5.458333333333333,616.8756275581776
5.466666666666667,617.8065481364752
5.475,618.6778389096622
5.483333333333333,619.5086687192355
5.491666666666666,620.4892296648053
5.5,621.5348816176486
5.508333333333333,622.4790058903154
5.516666666666667,623.4018082659387
5.525,624.3271494976219
5.533333333333333,625.2840527914739
5.541666666666667,626.2675096623207
5.55,627.208379123192
5.558333333333334,628.1945420813831
5.566666666666666,629.3255324484554
5.575,630.3727855022161
5.583333333333333,631.5348915177223
5.591666666666667,632.6238051603333
5.6,633.6303061896408
5.608333333333333,634.656244992367
5.616666666666666,635.6682363421171
5.625,636.6722594461814
5.633333333333333,637.8216283497179
5.641666666666667,638.8563616681893
5.65,639.7825384567511
5.658333333333333,640.5361362882627
5.666666666666667,641.4104406010658
5.675,642.0953935327448
5.683333333333334,642.88291430114
5.691666666666666,643.7541817008783
5.7,644.7350618375184
5.708333333333333,645.730150704833
5.716666666666667,646.7014823542659
5.725,647.7615945326727
5.733333333333333,648.6886676503277
5.741666666666666,649.6841865723071
5.75,650.8999033606269
5.758333333333333,652.0457979246754
5.766666666666667,653.1243154527536
5.775,654.0362070230408
5.783333333333333,654.9339429921579
5.791666666666667,655.8542883775594
5.8,656.5703282217248
5.808333333333334,657.3801056624638
5.816666666666666,658.229400888695
5.825,658.8048894583488
5.833333333333333,659.4550327157509
5.841666666666667,659.9554318528659
5.85,660.3673648934363
5.858333333333333,660.7327874581784
5.866666666666666,661.3505935247323
5.875,662.0372122822951
5.883333333333333,662.5992332442437
5.891666666666667,663.1362907354073
5.9,663.7655158232214
5.908333333333333,664.4189328538764
5.916666666666667,665.3583432396088
5.925,666.1291175021861
5.933333333333334,666.76195610353
5.941666666666666,667.7536296242063
5.95,668.6819418249
5.958333333333333,669.6453195810975
5.966666666666667,670.6097339069963
5.975,671.54286917102
5.983333333333333,672.1405065094705
5.991666666666666,672.807431821271
6.0,673.4585603877638
6.008333333333333,673.9429255249305
6.016666666666667,674.4168290293973
6.025,674.9132761987546
6.033333333333333,675.3122828490878
6.041666666666667,675.8095050870004
6.05,676.2682697269688
6.058333333333334,676.9904363588423
6.066666666666666,677.6392156050116
6.075,678.3626179911215
6.083333333333333,679.1991448985187
6.091666666666667,680.005900277906
6.1,680.709502270993
6.108333333333333,681.6422336679307
6.116666666666666,682.4853835942181
6.125,683.4097659634705
6.133333333333333,684.2334281001044
6.141666666666667,684.9880428440697
6.15,685.7388115085857
6.158333333333333,686.4884065094891
6.166666666666667,687.282991905081
6.175,688.0127173634139
6.183333333333334,688.7725239063496
6.191666666666666,689.5903834491427
6.2,690.2843693559087
6.208333333333333,690.929550454434
6.216666666666667,691.7225249368975
6.225,692.5219503768262
6.233333333333333,693.3271356968992
6.241666666666666,694.333773638297
6.25,695.2533841372241
6.258333333333333,695.9991720871138
6.266666666666667,696.929740979211
6.275,697.8863081385334
6.283333333333333,698.5788280646908
6.291666666666667,699.4104332327173
6.3,700.1310065132881
6.308333333333334,701.0265094156829
6.316666666666666,701.8105198505132
6.325,702.5425452831659
6.333333333333333,703.270709281397
6.341666666666667,704.0288802055256
6.35,704.4340262985081
6.358333333333333,704.8119799278235
6.366666666666666,704.9920035195498
6.375,705.3017188404041
6.383333333333333,705.5120015318453
6.391666666666667,705.7171661655217
6.4,705.9564813781342
6.408333333333333,706.2706385332235
6.416666666666667,706.7834272010059
6.425,707.2754829956049
6.433333333333334,707.8225889283709
6.441666666666666,708.3188583345243
6.45,708.8846657368366
6.458333333333333,709.4448449296558
6.466666666666667,709.9328258029059
6.475,710.49222789943
6.483333333333333,711.0644108423182
6.491666666666666,711.6059381772773
6.5,712.1223036934847
6.508333333333333,712.5888709534414
6.516666666666667,712.8930879045976
6.5249999999999995,713.3921789977235
6.533333333333333,713.771392679578
6.541666666666667,714.2231922926844
6.55,714.5374760267488
6.558333333333334,714.9764741995548
6.566666666666666,715.3235964817841
6.575,715.6147621660858
6.583333333333333,716.0544067967031
6.591666666666667,716.5221274996725
6.6,717.0510923275967
6.608333333333333,717.6852505186615
6.616666666666666,718.2962378855103
6.625,718.8152431592757
6.633333333333333,719.4950329202146
6.641666666666667,720.2048252723503
6.6499999999999995,720.7685092107374
6.658333333333333,721.6485932692121
6.666666666666667,722.8210301865595
6.675,722.8373165974532
6.683333333333334,723.9763048621601
6.691666666666666,724.3800529520091
6.7,724.8195907534028
6.708333333333333,725.2237363571332
6.716666666666667,725.5375320860016
6.725,725.9449930091207
6.733333333333333,726.2742384211016
6.741666666666666,726.6063240235528
6.75,727.0376793110823
6.758333333333333,727.5012170400432
6.766666666666667,728.158736496062
6.7749999999999995,729.480895385492
6.783333333333333,730.1276154036397
6.791666666666667,731.3765125718846
6.8,732.6943658364913
6.808333333333334,733.2048638447458
6.816666666666666,734.5168079639684
6.825,735.0321197791245
6.833333333333333,735.6094453079386
6.841666666666667,736.10244559203
6.85,737.2786730205504
6.858333333333333,737.0326371895289
6.866666666666666,738.2832401793951
6.875,738.7681748825756
6.883333333333333,739.3588777271725
6.891666666666667,739.8364689591419
6.8999999999999995,740.3561300921307
6.908333333333333,740.7915026244082
6.916666666666667,741.1311819264321
6.925,741.4831103692745
6.933333333333334,741.9200898877075
6.941666666666666,742.2257266453148
6.95,742.7678006610043
6.958333333333333,743.3567938440126
6.966666666666667,743.9084784850553
6.975,744.5061032428875
6.983333333333333,745.1755189402546
6.991666666666666,745.8175737499934
7.0,746.3991839695108
7.008333333333333,747.0917718843074
7.016666666666667,747.7526677605995
7.0249999999999995,748.4184510607579
7.033333333333333,748.9453527087098
7.041666666666667,749.5689598537807
7.05,749.9805751170319
7.058333333333334,750.4027682288422
7.066666666666666,750.7800223843586
7.075,750.9313667349238
7.083333333333333,750.9149578258077
7.091666666666667,750.8160165485069
7.1,750.8199051417706
7.108333333333333,750.8067051773836
7.116666666666666,750.789893699467
7.125,750.8373602755086
7.133333333333333,750.9335531099297
7.141666666666667,751.1420614392479
7.1499999999999995,751.3440359281003
7.158333333333333,751.6752458626972
7.166666666666667,751.8859557243469
7.175,752.161816988391
7.183333333333334,752.4332896598056
7.191666666666666,752.6090322753603
7.2,752.8544555567937
7.208333333333333,753.199223259479
7.216666666666667,753.534116041599
7.225,753.9228824194614
7.233333333333333,754.2537374711518
7.241666666666666,754.372738862679
7.25,754.552687780962
7.258333333333333,754.6162889490416
7.266666666666667,754.7025832758993
7.2749999999999995,754.8719516178487
7.283333333333333,754.8836798762766
7.291666666666667,755.0704222048114
7.3,755.0804388768679
7.308333333333334,755.3471626075049
7.316666666666666,755.5252183519409
7.325,755.6976207290098
7.333333333333333,755.8380226782253
7.341666666666667,755.879890930758
7.35,755.8935002938973
7.358333333333333,756.0888498931391
7.366666666666666,756.3093306233093
7.375,756.4054686065624
7.383333333333333,756.7895860419277
7.391666666666667,756.9757196165015
7.3999999999999995,757.1456056213161
7.408333333333333,757.0507422278428
7.416666666666667,757.3504326740527
7.425,757.5535633125792
7.433333333333334,757.81316870206
7.441666666666666,758.0518666143857
7.45,758.3420902012107
7.458333333333333,758.7539347387475
7.466666666666667,758.9602908842521
7.475,759.2156331132579
7.483333333333333,759.3979358243129
7.491666666666666,759.8759340510009
7.5,760.2980145251117
7.508333333333333,760.5960415197026
7.516666666666667,760.6995985753539
7.5249999999999995,760.7416219109796
7.533333333333333,760.8107970748787
7.541666666666667,760.768826988371
7.55,761.0163109430924
7.558333333333334,761.1988565018286
7.566666666666666,761.1377469320322
7.575,761.316114333452
7.583333333333333,761.4611874532789
7.591666666666667,761.4507010803466
7.6,761.7146470933567
7.608333333333333,761.9470023701631
7.616666666666666,762.0257807737258
7.625,762.3688108440448
7.633333333333333,762.7562255850875
7.641666666666667,763.0722585116406
7.6499999999999995,763.6739542524753
7.658333333333333,764.229941422284
7.666666666666667,764.8655572851698
7.675,765.3184149601843
7.683333333333334,765.794680235682
7.691666666666666,766.1232945150447
7.7,766.4422880653958
7.708333333333333,766.6750371671103
7.716666666666667,766.7922779277977
7.725,766.7217354987056
7.733333333333333,766.6675552078223
7.741666666666666,766.639764960275
7.75,766.5898873370186
7.758333333333333,766.5860748448292
7.766666666666667,766.6951364768834
7.7749999999999995,766.7558615859334
7.783333333333333,766.9008889479879
7.791666666666667,767.0361811990659
7.8,767.1317426609039
7.808333333333334,767.3297767870213
7.816666666666666,767.4243099039578
7.825,767.5876491247649
7.833333333333333,767.9832587581602
7.841666666666667,768.2005160146999
7.85,768.6432407936844
7.858333333333333,768.9723744253955
7.866666666666666,769.5802687800324
7.875,770.1663289555983
7.883333333333333,770.5339634269548
7.891666666666667,770.9173749783279
7.8999999999999995,771.4659828420879
7.908333333333333,771.8692093626764
7.916666666666667,772.105946357241
7.925,772.4430734922328
7.933333333333334,772.5787530850873
7.941666666666666,772.5622197835833
7.95,772.6893173122744
7.958333333333333,772.6602062763261
7.966666666666667,772.7028325160082
7.975,772.7569858054038
7.983333333333333,772.9967382238393
7.991666666666666,773.3280479283216
8.0,773.6616991575929
8.008333333333333,773.9308735272305
8.016666666666666,774.249959876717
8.025,774.6985104548015
8.033333333333333,775.3352998347133
8.041666666666666,775.574914618829
8.05,775.6799866988142
8.058333333333334,775.9937793210411
8.066666666666666,776.3318244117971
8.075,776.532422841673
8.083333333333334,776.8455726697018
8.091666666666667,776.817303834639
8.1,777.0616001713722
8.108333333333333,777.0043542440889
8.116666666666667,777.1444792224179
8.125,777.1256432291495
8.133333333333333,777.019010040798
8.141666666666666,777.1354247479121
8.15,777.3797977843425
8.158333333333333,777.6134190041123
8.166666666666666,777.9741840922228
8.175,778.2285013049096
8.183333333333334,778.5570699515592
8.191666666666666,778.79007737642
8.2,779.0987856941363
8.208333333333334,779.3355836490435
8.216666666666667,779.7389273860146
8.225,780.0579600629744
8.233333333333333,780.0771924080417
8.241666666666667,780.114944832666
8.25,780.2289373602823
8.258333333333333,780.3518120055213
8.266666666666666,780.2724238723944
8.275,780.1866979791922
8.283333333333333,780.195339437682
8.291666666666666,780.227057135595
8.3,780.3252322564377
8.308333333333334,780.5482073070713
8.316666666666666,780.4357308986436
8.325,780.6707533388964
8.333333333333334,781.1060006847298
8.341666666666667,781.3971626643789
8.35,781.8118392630182
8.358333333333333,782.0908151407879
8.366666666666667,782.4797600608757
8.375,782.7873500059414
8.383333333333333,783.0498579184074
8.391666666666666,783.2341436740796
8.4,783.5496928211713
8.408333333333333,783.6562547587507
8.416666666666666,783.8113154057451
8.425,783.791416971344
8.433333333333334,783.8232311887746
8.441666666666666,783.8419420056606
8.45,783.7673323918598
8.458333333333334,783.5060054615215
8.466666666666667,783.5482992831306
8.475,783.1199550989825
8.483333333333333,782.7714802675029
8.491666666666667,782.7818938610735
8.5,782.6067787480282
8.508333333333333,782.3708143045875
8.516666666666666,782.2345217031882
8.525,781.9180186321072
8.533333333333333,781.738756548782
8.541666666666666,781.596145253837
8.55,781.6490985299645
8.558333333333334,781.7257103383929
8.566666666666666,781.5201776293056
8.575,781.3197787979018
8.583333333333334,780.8438428251077
8.591666666666667,780.7761000564614
8.6,780.7592174868344
8.608333333333333,780.62549088234
8.616666666666667,780.3299262091098
8.625,779.8102878559123
8.633333333333333,779.2738499391937
8.641666666666666,778.7367734677462
8.65,778.4139897254731
8.658333333333333,778.0692857453322
8.666666666666666,777.764363785568
8.675,777.2228268081124
8.683333333333334,777.0213649485402
8.691666666666666,776.7572128024741
8.7,776.529341830149
8.708333333333334,776.3243536432929
8.716666666666667,775.9764073994063
8.725,775.6976554417829
8.733333333333333,775.335801862738
8.741666666666667,775.1675397937267
8.75,775.0641900562797
8.758333333333333,774.7675235877393
8.766666666666666,774.4851223990677
8.775,774.3081851507643
8.783333333333333,774.045898494136
8.791666666666666,773.8914523448635
8.8,773.713800575255
8.808333333333334,773.4542285185818
8.816666666666666,773.2518600170422
8.825,773.0718198375564
8.833333333333334,772.9171063334464
8.841666666666667,772.8099382389556
8.85,772.6039393909601
8.858333333333333,772.3055621209164
8.866666666666667,772.0054945016535
8.875,772.1752167819878
8.883333333333333,772.1156560023667
8.891666666666666,772.1660855765174
8.9,771.8951629219498
8.908333333333333,771.7129551227104
8.916666666666666,771.5403872624571
8.925,771.4455699254063
8.933333333333334,771.3564118881901
8.941666666666666,771.4632042768293
8.95,771.3100789859222
8.958333333333334,771.3045616007254
8.966666666666667,771.3930672799714
8.975,771.1250518921765
8.983333333333333,770.9446270967072
8.991666666666667,770.8673759718478
9.0,770.9045913852998
9.008333333333333,770.7656598235321
9.016666666666666,770.8961537987335
9.025,771.014670344794
9.033333333333333,771.1259225344617
9.041666666666666,771.2520193181624
9.05,771.5953431093028
9.058333333333334,771.8543868353964
9.066666666666666,772.2317435584836
9.075,772.4869755302886
9.083333333333334,772.6846302082199
9.091666666666667,773.1118868443098
9.1,773.4188912872513
9.108333333333333,773.7375994819478
9.116666666666667,773.8831865394485
9.125,773.9247325787798
9.133333333333333,773.9507444767363
9.141666666666666,773.8864436607279
9.15,773.7372304602272
9.158333333333333,773.9953187947569
9.166666666666666,773.9489042248728
9.175,773.8529970180192
9.183333333333334,773.7126064936067
9.191666666666666,773.4676457742445
9.2,773.3394963355959
9.208333333333334,773.3345196313644
9.216666666666667,773.3211215093426
9.225,773.3343154712926
9.233333333333333,773.4434020262381
9.241666666666667,773.4784158278871
9.25,773.6347875732743
9.258333333333333,773.7288837878632
9.266666666666666,773.6756601327177
9.275,773.6015265602837
9.283333333333333,773.3987579533328
9.291666666666666,773.3925797699135
9.3,773.4435450055139
9.308333333333334,773.1773778420904
9.316666666666666,772.9111727523226
9.325,772.702849250917
9.333333333333334,772.6203206464573
9.341666666666667,772.6740040156177
9.35,772.7126694597397
9.358333333333333,772.8602340086443
9.366666666666667,772.9592752287772
9.375,773.1172777247527
9.383333333333333,773.4099139760959
9.391666666666666,773.7338885396384
9.4,774.3926271602996
9.408333333333333,774.9701295647021
9.416666666666666,775.3986386996145
9.425,775.9397091965723
9.433333333333334,776.4552403702743
9.441666666666666,776.8479749605435
9.45,777.0817374491587
9.458333333333334,777.4438357873897
9.466666666666667,777.4901852600236
9.475,777.5911141868785
9.483333333333333,777.4157123919582
9.491666666666667,777.1152646322175
9.5,776.7603833531343
9.508333333333333,776.3447549647542
9.516666666666666,776.0728665665653
9.525,775.810653795337
9.533333333333333,775.4562733257775
9.541666666666666,775.274922430588
9.55,775.2744392989346
9.558333333333334,775.3525488400064
9.566666666666666,775.377577905273
9.575,775.4346494990677
9.583333333333334,775.5989251410454
9.591666666666667,775.6923585927682
9.6,775.9552504259359
9.608333333333333,775.9323406640859
9.616666666666667,775.9305451585781
9.625,775.7442239333055
9.633333333333333,775.5013845212538
9.641666666666666,775.2950082134187
9.65,775.1716632158209
9.658333333333333,774.6513478155895
9.666666666666666,774.2356509292941
9.675,773.9319310231587
9.683333333333334,773.9637224846424
9.691666666666666,774.1464155267166
9.7,774.3027254298377
9.708333333333334,774.2846645547667
9.716666666666667,774.2179855336332
9.725,774.3505103921124
9.733333333333333,774.4272606657951
9.741666666666667,774.6817593190367
9.75,775.0236292335089
9.758333333333333,775.5513137595161
9.766666666666666,776.1077066449437
9.775,776.6415584621562
9.783333333333333,777.0959326324032
9.791666666666666,777.1914273091944
9.8,777.4328862036225
9.808333333333334,777.5742343282924
9.816666666666666,777.716529625613
9.825,777.5741081657359
9.833333333333334,777.653018414786
9.841666666666667,777.3490851215598
9.85,777.1284181598609
9.858333333333333,776.9142929956623
9.866666666666667,776.7269192559129
9.875,776.4826869666108
9.883333333333333,776.4308881388401
9.891666666666666,776.4029951564933
9.9,776.5842505460735
9.908333333333333,776.756540447649
9.916666666666666,776.6940208319553
9.925,776.9490346921634
9.933333333333334,777.6149894030071
9.941666666666666,778.1121840311014
9.95,778.1758022851559
9.958333333333334,778.8697988542673
9.966666666666667,778.2722823630517
9.975,778.6615208136009
9.983333333333333,778.5653084257964
9.991666666666667,778.5732190844031
10.0,778.3803291916564
10.008333333333333,778.1981273053715
10.016666666666666,777.995955255153
10.025,777.9459971024422
10.033333333333333,778.0922856669191
10.041666666666666,778.1707868090733
10.05,778.2132553968044
10.058333333333334,778.5045655425201
10.066666666666666,778.5917355384272
10.075,778.9665167060658
10.083333333333334,779.1375271139241
10.091666666666667,779.5967762718259
10.1,779.9912908404697
10.108333333333333,780.2196532764335
10.116666666666667,780.2554012824105
10.125,780.5597955649012
10.133333333333333,780.853418617464
10.141666666666666,780.6972547841434
10.15,780.5125212508214
10.158333333333333,780.5053786028516
10.166666666666666,780.6110916909536
10.175,780.6016048124566
10.183333333333334,780.3758671554286
10.191666666666666,779.9880100525156
10.2,779.6735210005635
10.208333333333334,779.35928640452
10.216666666666667,779.2120791393307
10.225,778.8282239237241
10.233333333333333,778.5329305084908
10.241666666666667,778.4575195487841
10.25,778.3557301691669
10.258333333333333,778.1625669523216
10.266666666666666,778.3109604221953
10.275,778.275137797447
10.283333333333333,778.1423174743409
10.291666666666666,778.328233808875
10.3,778.5322816688318
10.308333333333334,778.9214889812139
10.316666666666666,778.9788124378398
10.325,778.9742367010801
10.333333333333334,778.9583103260335
10.341666666666667,778.7430421328946
10.35,778.659192121827
10.358333333333333,778.5108945775652
10.366666666666667,778.5301180637912
10.375,778.7191671660433
10.383333333333333,778.951188443144
10.391666666666666,779.0941425887122
10.4,779.2535613839557
10.408333333333333,779.6912719463783
10.416666666666666,780.060818085448
10.425,780.4292865901201
10.433333333333334,780.7041828278007
10.441666666666666,781.0046545921082
10.45,781.3594328499692
10.458333333333334,782.0235964778492
10.466666666666667,782.4296014556651
10.475,783.0860201832066
10.483333333333333,783.4803756090577
10.491666666666667,783.7831626980524
10.5,784.2390887697492
10.508333333333333,784.794743618149
10.516666666666666,785.2296394588733
10.525,785.5640393539435
10.533333333333333,786.2090713038235
10.541666666666666,786.7277706618752
10.55,787.4498373905758
10.558333333333334,788.3758178078784
10.566666666666666,789.1731348740446
10.575,790.1685563364925
10.583333333333334,790.9271454571024
10.591666666666667,791.709026152984
10.6,792.2242595151154
10.608333333333333,792.814962528235
10.616666666666667,793.4558761920038
10.625,794.0174889632591
10.633333333333333,794.7988647993755
10.641666666666666,795.5481918385857
10.65,796.4696363409578
10.658333333333333,797.1069116561307
10.666666666666666,797.8615004856285
10.675,798.5802815569477
10.683333333333334,799.1374614977768
10.691666666666666,799.5903449635567
10.7,799.8280614864825
10.708333333333334,800.7263552792467
10.716666666666667,801.6350059660397
10.725,802.1408117840913
10.733333333333333,802.624435240324
10.741666666666667,803.3355048678285
10.75,803.9993926381371
10.758333333333333,804.5782183235028
10.766666666666666,804.9950284832613
10.775,805.236216484768
10.783333333333333,805.6110208079369
10.791666666666666,806.3871277888359
10.8,806.9334948507288
10.808333333333334,807.5590173009035
10.816666666666666,808.1018738418734
10.825,808.6785703216267
10.833333333333334,808.8461667534833
10.841666666666667,809.2868482311986
10.85,809.7766910810082
10.858333333333333,810.4935672038105
10.866666666666667,811.5699056963363
10.875,812.3602868763892
10.883333333333333,813.1922701448045
10.891666666666666,814.0149177916276
10.9,814.5368178540518
10.908333333333333,815.0404970184593
10.916666666666666,815.2929122402685
10.925,815.9810721327791
10.933333333333334,816.5614740557932
10.941666666666666,817.2791796686588
10.95,818.0032131905165
10.958333333333334,818.7795112574879
10.966666666666667,819.5749166944672
10.975,820.1602760947105
10.983333333333333,820.6326564015973
10.991666666666667,821.0708159318315
11.0,821.5484421993947
11.008333333333333,822.1460196008276
11.016666666666666,822.2626884379699
11.025,822.4805606645388
11.033333333333333,823.46497537055
11.041666666666666,823.5306144607953
11.05,823.9721152461805
11.058333333333334,823.9263045936768
11.066666666666666,824.1625472168137
11.075,824.2393739168273
11.083333333333334,824.5696726077547
11.091666666666667,824.6373645612381
11.1,824.9183092662519
11.108333333333333,824.9372491141371
11.116666666666667,825.1605894087107
11.125,824.9730863575404
11.133333333333333,825.13431291913
11.141666666666666,825.5507983332213
11.15,826.2530596739205
11.158333333333333,826.7040085765617
11.166666666666666,826.803327318243
11.175,826.9576027070551
11.183333333333334,827.0155659581749
11.191666666666666,827.2865707655604
11.2,827.8763024850384
11.208333333333334,828.5441903436997
11.216666666666667,828.7833857420618
11.225,829.3414719653529
11.233333333333333,829.9662144257205
11.241666666666667,830.7438094320927
11.25,831.2892158659853
11.258333333333333,832.1661996459666
11.266666666666666,832.6753535241414
11.275,833.5324321155443
11.283333333333333,833.8605994609815
11.291666666666666,834.3654144150047
11.3,834.5517263407074
11.308333333333334,834.5385694407967
11.316666666666666,834.4624898961083
11.325,835.3616771982657
11.333333333333334,835.8850729794182
11.341666666666667,836.3765108641146
11.35,836.8335432700978
11.358333333333333,837.3642414095629
11.366666666666667,837.5194463276378
11.375,837.4625491137751
11.383333333333333,836.8641397776084
11.391666666666666,836.6190815553243
11.4,836.8121183081752
11.408333333333333,836.5047970831206
11.416666666666666,836.5155548136053
11.425,836.2123855249243
11.433333333333334,835.8251004565014
11.441666666666666,836.0082766947675
11.45,835.7260356604472
11.458333333333334,835.4679968769161
11.466666666666667,835.4889401604435
11.475,835.311120113974
11.483333333333333,835.411002646235
11.491666666666667,835.5569053761643
11.5,835.8184377600801
11.508333333333333,835.2654472687503
11.516666666666666,835.0535408414875
11.525,834.609372573541
11.533333333333333,834.5611568855213
11.541666666666666,834.6674939250552
11.55,834.7130209582972
11.558333333333334,834.6858583327171
11.566666666666666,834.413740571237
11.575,833.7049320707695
11.583333333333334,832.7713763269165
11.591666666666667,831.8769512371993
11.6,831.3496715897331
11.608333333333333,831.4663743929354
11.616666666666667,831.452567927321
11.625,831.1172744493014
11.633333333333333,830.5774512513684
11.641666666666666,830.3070369577713
11.65,829.6722172140032
11.658333333333333,829.1820432444165
11.666666666666666,828.9292778981278
11.675,828.401345773447
11.683333333333334,829.5053104877387
11.691666666666666,828.9967399665361
11.7,829.8555651992717
11.708333333333334,830.7751947708956
11.716666666666667,831.5407463533761
11.725,832.5618317208705
11.733333333333333,833.6831927001172
11.741666666666667,835.189075594967
11.75,836.7290564211363
11.758333333333333,838.6444078320421
11.766666666666666,840.4624190101623
11.775,842.264372926685
11.783333333333333,844.1635103423437
11.791666666666666,846.0414398197032
11.8,847.7364657406075
11.808333333333334,849.366516344453
11.816666666666666,850.9078555890414
11.825,852.0511094019913
11.833333333333334,853.2604351525441
11.841666666666667,854.4003252278172
11.85,855.5389539547664
11.858333333333333,856.6146529819003
11.866666666666667,857.6382068982294
11.875,858.720670600895
11.883333333333333,859.6357780095312
11.891666666666666,860.5670883799913
11.9,861.6473423348823
11.908333333333333,863.4158058665555
11.916666666666666,864.9757972679155
11.925,866.9239415423627
11.933333333333334,868.3010626797393
11.941666666666666,869.8435594133282
11.95,871.7074071098932
11.958333333333334,873.8140659265185
11.966666666666667,875.9889676295746
11.975,878.2455688927956
11.983333333333333,880.9268018293556
11.991666666666667,883.4271351764422
12.0,886.4656911236003
12.008333333333333,889.462712542703
12.016666666666666,892.1579441628752
12.025,895.3214119967872
12.033333333333333,897.9148250878945
12.041666666666666,900.36435995995
12.05,902.5031244653286
12.058333333333334,904.3576683123309
12.066666666666666,906.0292863606471
12.075,908.2166984018874
12.083333333333334,910.7584416091149
12.091666666666667,913.0793397781705
12.1,915.4311893858438
12.108333333333333,917.6304695506693
12.116666666666667,919.9387025336205
12.125,922.6533767022271
12.133333333333333,925.1786898706679
12.141666666666666,927.6570966368513
12.15,930.4640473896708
12.158333333333333,933.2197575961459
12.166666666666666,936.1224369757202
12.175,937.2676594599766
12.183333333333334,940.0027452935311
12.191666666666666,941.369467597047
12.2,944.4627297064143
12.208333333333334,947.5077512934341
12.216666666666667,950.9597036252514
12.225,952.5911214185521
12.233333333333333,955.7766490132763
12.241666666666667,959.2303022406983
12.25,962.7079691581902
12.258333333333333,966.220195793473
12.266666666666666,968.3138867190887
12.275,970.2731517664128
12.283333333333333,972.4924283727655
12.291666666666666,974.9413904341823
12.3,977.4108870026616
12.308333333333334,979.8493208759645
12.316666666666666,982.3628262481053
12.325,985.0873845512475
12.333333333333334,988.091780882322
12.341666666666667,990.9068773667843
12.35,993.2565118530963
12.358333333333333,995.3171798736925
12.366666666666667,997.4012968871845
12.375,999.3977609394923
12.383333333333333,1001.4437130808122
12.391666666666666,1003.1887927263169
12.4,1004.9860149144832
12.408333333333333,1006.3891719369401
12.416666666666666,1007.6263512376854
12.425,1009.0121148157064
12.433333333333334,1010.7184483024018
12.441666666666666,1012.4744364818229
12.45,1014.6228542080993
12.458333333333334,1016.5418967742606
12.466666666666667,1018.8950489228835
12.475,1021.1565795584213
12.483333333333333,1023.67838336144
12.491666666666667,1025.7277914682286
12.5,1027.6918327763467
12.508333333333333,1029.4712586326254
12.516666666666666,1030.8856344558162
12.525,1032.7063695733032
12.533333333333333,1034.4149854638058
12.541666666666666,1035.9654739688024
12.55,1037.1389817209802
12.558333333333334,1038.5745796265662
12.566666666666666,1039.8693824606387
12.575,1040.9583347103162
12.583333333333334,1042.4615600273778
12.591666666666667,1043.896467545037
12.6,1045.5630740264392
12.608333333333333,1047.0353206063799
12.616666666666667,1048.6363576909175
12.625,1050.3076840586234
12.633333333333333,1052.214355828429
12.641666666666666,1053.7559838865704
12.65,1054.9429464849018
12.658333333333333,1056.6335548870256
12.666666666666666,1058.3500874968472
12.675,1060.283928042901
12.683333333333334,1062.616920512361
12.691666666666666,1065.0029859633428
12.7,1066.957660194892
12.708333333333334,1068.8043299357273
12.716666666666667,1070.473221224734
12.725,1072.691163764046
12.733333333333333,1074.9413787908975
12.741666666666667,1077.343676490911
12.75,1079.6454229577278
12.758333333333333,1082.0946401340475
12.766666666666666,1084.8936244653328
12.775,1087.8599462317623
12.783333333333333,1091.0386279238699
12.791666666666666,1093.9870384314463
12.8,1097.1558891357613
12.808333333333334,1100.442274151438
12.816666666666666,1103.8036196236746
12.825,1106.8212524852192
12.833333333333334,1109.6994983746063
12.841666666666667,1112.3911200819896
12.85,1115.527946723275
12.858333333333333,1118.760012335827
12.866666666666667,1122.2898939003649
12.875,1126.1740991245572
12.883333333333333,1130.4973276432288
12.891666666666666,1135.0960688894522
12.9,1139.1535416669726
12.908333333333333,1142.9352957546237
12.916666666666666,1146.6807374535324
12.924999999999999,1150.1479404755596
12.933333333333334,1153.5031712281946
12.941666666666666,1156.7238477886685
12.95,1160.0663479529287
12.958333333333334,1163.4461638118644
12.966666666666667,1167.0505836271052
12.975,1170.950719484238
12.983333333333333,1174.4273783418353
12.991666666666667,1177.783110398466
13.0,1180.8074188056746
13.008333333333333,1183.7556006630682
13.016666666666666,1187.0815942995057
13.025,1189.80885541321
13.033333333333333,1193.050720994017
13.041666666666666,1195.9941047872564
13.049999999999999,1198.979977479129
13.058333333333334,1202.5723443268264
13.066666666666666,1205.814599153223
13.075,1209.0675985055987
13.083333333333334,1211.8999589586726
13.091666666666667,1214.9947264244338
13.1,1217.7712532075213
13.108333333333333,1220.4874467948603
13.116666666666667,1223.0289458459101
13.125,1225.1557886931996
13.133333333333333,1227.6563494481668
13.141666666666666,1230.3384642086753
13.15,1233.6496859803344
13.158333333333333,1236.7097727947382
13.166666666666666,1239.290914133783
13.174999999999999,1242.2515431033796
13.183333333333334,1244.4140460274884
13.191666666666666,1246.5877046308235
13.2,1248.5366840195363
13.208333333333334,1249.8235179463015
13.216666666666667,1250.9230420753279
13.225,1251.9182914971377
13.233333333333333,1251.8692093964016
13.241666666666667,1251.588710741531
13.25,1251.7464320899217
13.258333333333333,1252.0417592918222
13.266666666666666,1251.8704600628002
13.275,1251.8379039019019
13.283333333333333,1250.705739585273
13.291666666666666,1249.8419447764513
13.299999999999999,1249.44566247116
13.308333333333334,1249.360177025406
13.316666666666666,1249.7804665060737
13.325,1249.9745550973691
13.333333333333334,1250.556786630228
13.341666666666667,1251.439971442547
13.35,1252.8417633319245
13.358333333333333,1253.20623032443
13.366666666666667,1253.4281808006792
13.375,1253.6227918091674
13.383333333333333,1253.283284406182
13.391666666666666,1253.3595096428396
13.4,1253.1821652800186
13.408333333333333,1252.3844220252001
13.416666666666666,1251.9767316360635
13.424999999999999,1251.5641153654742
13.433333333333334,1251.8385178918934
13.441666666666666,1251.2792067459925
13.45,1249.5454572865165
13.458333333333334,1248.3163960249235
13.466666666666667,1247.6872671375709
13.475,1247.797474444613
13.483333333333333,1248.017029477179
13.491666666666667,1248.0440369484527
13.5,1248.0480255549064
13.508333333333333,1248.402056256225
13.516666666666666,1248.5476641060347
13.525,1248.2692488707273
13.533333333333333,1247.454370948222
13.541666666666666,1245.790906316003
13.549999999999999,1243.9966377156713
13.558333333333334,1241.5540689180968
13.566666666666666,1238.8541998504486
13.575,1235.7380093848715
13.583333333333334,1233.3234865192483
13.591666666666667,1231.3078861716165
13.6,1229.5708167925516
13.608333333333333,1227.125431955459
13.616666666666667,1223.3365273614304
13.625,1220.2097923159545
13.633333333333333,1217.2818071993665
13.641666666666666,1212.8207295986167
13.65,1209.3473807957535
13.658333333333333,1205.3158684846048
13.666666666666666,1201.0206243344883
13.674999999999999,1196.3032577928366
13.683333333333334,1191.4748483401352
13.691666666666666,1187.8400496932325
13.7,1183.9686663993893
13.708333333333334,1179.7470211918076
13.716666666666667,1175.9562783752692
13.725,1171.5530676703086
13.733333333333333,1168.0347024200098
13.741666666666667,1163.9076926784205
13.75,1159.2563782571337
13.758333333333333,1154.7076695839653
13.766666666666666,1150.007383712286
13.775,1145.6214287511823
13.783333333333333,1140.7271045256962
13.791666666666666,1134.4828995151206
13.799999999999999,1127.3819447869869
13.808333333333334,1120.3183088946446
13.816666666666666,1113.8995510648872
13.825,1108.9158222363699
13.833333333333334,1104.10006964379
13.841666666666667,1098.1575760578423
13.85,1093.76175335992
13.858333333333333,1088.2778699993
13.866666666666667,1082.6103126595417
13.875,1076.860558204379
13.883333333333333,1070.9867151747092
13.891666666666666,1063.396692582783
13.9,1056.6049664864806
13.908333333333333,1050.674745598249
13.916666666666666,1046.1310745800329
13.924999999999999,1040.7669156665036
13.933333333333334,1036.3823048302672
13.941666666666666,1031.1740446053236
13.95,1026.4498827866448
13.958333333333334,1020.5956972422937
13.966666666666667,1012.2648096673732
13.975,1004.1683785311528
13.983333333333333,995.9984833552392
13.991666666666667,988.0812697880071
14.0,981.0829514941321
14.008333333333333,974.201507970063
14.016666666666666,965.3104923831592
14.025,958.6426719697752
14.033333333333333,952.3900901510742
14.041666666666666,947.5288475252011
14.049999999999999,942.1510247265056
14.058333333333334,936.2992300768053
14.066666666666666,929.1620449059105
14.075,921.7679138186611
14.083333333333334,911.7256265441548
14.091666666666667,901.6018044285325
14.1,890.1423863022123
14.108333333333333,878.1766302157895
14.116666666666667,863.2615044809789
14.125,848.3761958196727
14.133333333333333,835.5664545178797
14.141666666666666,822.0059116701439
14.15,806.6372425880321
14.158333333333333,789.2112894240681
14.166666666666666,769.5186285450808
14.174999999999999,749.320026068339
14.183333333333334,730.0802972921534
14.191666666666666,711.4720559271562
14.2,693.3656165103368
14.208333333333334,674.1715731602201
14.216666666666667,655.5594589394674
14.225,635.0603921405657
14.233333333333333,614.319866150469
14.241666666666667,591.3973201687772
14.25,571.0190642538219
14.258333333333333,547.160543894203
14.266666666666666,524.5705714881674
14.275,500.4957604294172
14.283333333333333,474.61214384854685
14.291666666666666,448.1511381734093
14.299999999999999,416.7989663047049
14.308333333333334,412.233435235448
14.316666666666666,409.71281647800583
14.325,409.6130952036179
14.333333333333334,409.1890548250324
14.341666666666667,406.89133661777265
14.35,404.6913275758039
14.358333333333333,401.4501797053908
14.366666666666667,399.51774936840405
14.375,397.668886996549
14.383333333333333,395.3638608850669
14.391666666666666,392.95142299662206
14.4,388.52095405222053
14.408333333333333,386.98615469012213
14.416666666666666,383.55906176338885
14.424999999999999,380.1149606165467
14.433333333333334,376.8622999174154
14.441666666666666,376.9097798705028
14.45,373.94213277869426
14.458333333333334,373.0457368733421
14.466666666666667,373.1550524088508
14.475,376.8252164211704
14.483333333333333,383.6546539427453
14.491666666666667,387.86202186259106
14.5,393.8534452372612
14.508333333333333,399.59803929946736
14.516666666666666,407.56829947926434
14.525,420.6107977578492
14.533333333333333,432.5992173897459
14.541666666666666,445.2869079930415
14.549999999999999,456.0767052757064
14.558333333333334,467.63916503937565
14.566666666666666,483.6126895264683
14.575,497.4417413019558
14.583333333333334,503.6019414264822
14.591666666666667,513.539988171626
14.6,521.1930400786933
14.608333333333333,530.4541684814335
14.616666666666667,535.6916453916446
14.625,540.2225972263898
14.633333333333333,542.4065013710722
14.641666666666666,543.6252453556763
14.65,549.3287683030918
14.658333333333333,554.2807558706849
14.666666666666666,557.7393612152111
14.674999999999999,558.0732882231297
14.683333333333334,555.4438364409452
14.691666666666666,556.9962962639729
14.7,561.3100409350777
14.708333333333334,568.646928678302
14.716666666666667,573.7069657098281
14.725,574.4516068484121
14.733333333333333,583.8406062179096
14.741666666666667,583.2865337617193
14.75,586.9807705971403
14.758333333333333,587.0049353981623
14.766666666666666,582.6294770722823
14.775,566.6473433083138
14.783333333333333,553.5233781122466
14.791666666666666,530.9132521169638
14.799999999999999,504.9835268829581
14.808333333333334,490.90954937769453
14.816666666666666,458.801494430237
14.825,469.0626132581948
14.833333333333334,472.4117911733671
14.841666666666667,472.3906324183425
14.85,490.29237080521557
14.858333333333333,511.8805119845951
14.866666666666667,541.8157198279946
14.875,570.3974515589155
14.883333333333333,560.1733994961562
14.891666666666666,579.7017576160848
14.9,544.8466167349612
