lag_frame[sec],NGP_[dimensionless]
0.008333333333333333,0.37998496573146645
0.016666666666666666,0.26301332776852315
0.025,0.23580342625666906
0.03333333333333333,0.22754608305204793
0.041666666666666664,0.22228690192423062
0.05,0.22802600154044894
0.058333333333333334,0.2296096496878639
0.06666666666666667,0.22684905886392048
0.075,0.22984043257903464
0.08333333333333333,0.23075431545488478
0.09166666666666666,0.23197872951569742
0.1,0.2344279016404276
0.10833333333333334,0.23634746660057737
0.11666666666666667,0.23601912432023942
0.125,0.23729158559100205
0.13333333333333333,0.23466507301930983
0.14166666666666666,0.23416678115287248
0.15,0.23114311299588608
0.15833333333333333,0.22951966011166403
0.16666666666666666,0.22791324815317227
0.175,0.2256249318851764
0.18333333333333332,0.22363857453005398
0.19166666666666665,0.2218701897998676
0.2,0.22063253496586066
0.20833333333333334,0.22021478706878495
0.21666666666666667,0.21960529438236653
0.225,0.22032560741552842
0.23333333333333334,0.21955065062132006
0.24166666666666667,0.21932288076369444
0.25,0.22035408027043135
0.2583333333333333,0.2219701911387344
0.26666666666666666,0.22274409615737456
0.275,0.22324382364314066
0.2833333333333333,0.2240805764377518
0.2916666666666667,0.22460386271723531
0.3,0.2239980061364193
0.30833333333333335,0.22265904646959878
0.31666666666666665,0.22150361203951285
0.325,0.2207902327547535
0.3333333333333333,0.21981385785429874
0.3416666666666667,0.2192519229444565
0.35,0.21821360105682253
0.35833333333333334,0.21828820905512902
0.36666666666666664,0.218458687242562
0.375,0.2185539132293659
0.3833333333333333,0.21913185802976964
0.39166666666666666,0.22018439733136974
0.4,0.2215505600934824
0.4083333333333333,0.2238623218800826
0.4166666666666667,0.2261754520851489
0.425,0.22848617143022487
0.43333333333333335,0.2307410544005788
0.44166666666666665,0.23332683785133423
0.45,0.2360168776296505
0.4583333333333333,0.2374768811672785
0.4666666666666667,0.23935165991788443
0.475,0.24171717530121328
0.48333333333333334,0.2434330852530231
0.49166666666666664,0.24377095501630608
0.5,0.2438665057458702
0.5083333333333333,0.24388921832670007
0.5166666666666666,0.243057229635256
0.525,0.24198829705322433
0.5333333333333333,0.24062644541569989
0.5416666666666666,0.2384172281200061
0.55,0.23705978845122377
0.5583333333333333,0.23496006846139816
0.5666666666666667,0.23322203869642344
0.575,0.23205672812793798
0.5833333333333334,0.2304175850063559
0.5916666666666667,0.22881206540040466
0.6,0.2272425863437315
0.6083333333333333,0.2254478694986899
0.6166666666666667,0.2243453998547953
0.625,0.2225668775060028
0.6333333333333333,0.22165368253924944
0.6416666666666666,0.22144386047378184
0.65,0.2204110088258231
0.6583333333333333,0.2194669222040353
0.6666666666666666,0.21809672129597946
0.675,0.2167652364318413
0.6833333333333333,0.21533627074643702
0.6916666666666667,0.2144309006707692
0.7,0.21342308175747848
0.7083333333333334,0.21212756136554067
0.7166666666666667,0.21086089595083268
0.725,0.21065999602408136
0.7333333333333333,0.21031913429590832
0.7416666666666667,0.21034872473037391
0.75,0.20988797922933955
0.7583333333333333,0.20949951681333268
0.7666666666666666,0.20972040009978077
0.775,0.21087735878892322
0.7833333333333333,0.21084659296366626
0.7916666666666666,0.2110084602502018
0.8,0.2114736551719263
0.8083333333333333,0.2124881409854058
0.8166666666666667,0.21228416679258055
0.825,0.21279677823694443
0.8333333333333334,0.21306622329073854
0.8416666666666667,0.2136894663468032
0.85,0.21471691102943802
0.8583333333333333,0.2146613936428945
0.8666666666666667,0.21460338504860754
0.875,0.21425267603607967
0.8833333333333333,0.21437742819182048
0.8916666666666666,0.21389935394154835
0.9,0.21357831131187077
0.9083333333333333,0.2135582550585553
0.9166666666666666,0.21294986926337467
0.9249999999999999,0.21318146340962119
0.9333333333333333,0.21342464861518162
0.9416666666666667,0.21318256948213277
0.95,0.21277901721537384
0.9583333333333334,0.21279636022224646
0.9666666666666667,0.2122542167766608
0.975,0.21099505639413385
0.9833333333333333,0.21028608519292757
0.9916666666666667,0.20948873860222772
1.0,0.209163225095351
1.0083333333333333,0.20837194812874094
1.0166666666666666,0.2085816644404901
1.025,0.2095818871204469
1.0333333333333332,0.21033965085573225
1.0416666666666667,0.20957418187212395
1.05,0.2089174585156346
1.0583333333333333,0.20867417156747803
1.0666666666666667,0.2088068416549087
1.075,0.20822119987053367
1.0833333333333333,0.20806375680134725
1.0916666666666666,0.20718675170337097
1.1,0.2071787576114159
1.1083333333333334,0.20612558509877732
1.1166666666666667,0.2060998153590916
1.125,0.20549420809555974
1.1333333333333333,0.20522106246981342
1.1416666666666666,0.20439858010016687
1.15,0.202758754984669
1.1583333333333332,0.2010947585118934
1.1666666666666667,0.19916911065168197
1.175,0.19717744638189116
1.1833333333333333,0.196304775386402
1.1916666666666667,0.1958476096825743
1.2,0.1956611582951997
1.2083333333333333,0.1948211258674133
1.2166666666666666,0.19484785885069966
1.225,0.19453396669919587
1.2333333333333334,0.19453234051266666
1.2416666666666667,0.19422820756272619
1.25,0.19345249606796333
1.2583333333333333,0.19257683580300688
1.2666666666666666,0.19201009436690852
1.275,0.19093505760532037
1.2833333333333332,0.19002023418954295
1.2916666666666667,0.18966432938692557
1.3,0.18893686484281336
1.3083333333333333,0.18823136162918797
1.3166666666666667,0.18745092924530016
1.325,0.18691454016611742
1.3333333333333333,0.18574114111968165
1.3416666666666666,0.18493730921991425
1.35,0.1835246152943406
1.3583333333333334,0.18192822856026747
1.3666666666666667,0.18035968899723098
1.375,0.17985706515020805
1.3833333333333333,0.17900254037573693
1.3916666666666666,0.1782143160828884
1.4,0.17709876321790063
1.4083333333333332,0.17622812399211996
1.4166666666666667,0.17620357803306996
1.425,0.1762485483745817
1.4333333333333333,0.17621039521724913
1.4416666666666667,0.17553461595690867
1.45,0.17494257506009836
1.4583333333333333,0.1744148416940705
1.4666666666666666,0.1737819027692411
1.475,0.17378245234280376
1.4833333333333334,0.17337414980627708
1.4916666666666667,0.1736203149676132
1.5,0.17343778363063
1.5083333333333333,0.1734035235220195
1.5166666666666666,0.17327714731300148
1.525,0.17338854813103466
1.5333333333333332,0.17319754539007937
1.5416666666666667,0.17387431568021672
1.55,0.1745721649388361
1.5583333333333333,0.17500568460941035
1.5666666666666667,0.1755881106529571
1.575,0.17611399045564946
1.5833333333333333,0.1761570624664952
1.5916666666666666,0.17687003594912643
1.6,0.17704964407918267
1.6083333333333334,0.17704348217010524
1.6166666666666667,0.17719733971388862
1.625,0.17762739299529762
1.6333333333333333,0.1775357528315491
1.6416666666666666,0.1773333444805847
1.65,0.17727075341173326
1.6583333333333332,0.17690092093398313
1.6666666666666667,0.1762879205125909
1.675,0.17556504279751528
1.6833333333333333,0.17462913111829081
1.6916666666666667,0.17388821893210316
1.7,0.17335303025596005
1.7083333333333333,0.17335487952019646
1.7166666666666666,0.173691227308854
1.7249999999999999,0.1737862819130509
1.7333333333333334,0.17345699739911247
1.7416666666666667,0.17374906271509216
1.75,0.17376227299211644
1.7583333333333333,0.17372362610255188
1.7666666666666666,0.17378216450446615
1.775,0.17335707357727803
1.7833333333333332,0.17276031294206273
1.7916666666666667,0.17252281093959687
1.8,0.17207620368667853
1.8083333333333333,0.1717275372469358
1.8166666666666667,0.17148104230014027
1.825,0.17108090518036634
1.8333333333333333,0.17106967070039003
1.8416666666666666,0.17125682624541283
1.8499999999999999,0.1711181258097192
1.8583333333333334,0.17097089412215083
1.8666666666666667,0.17105810891870732
1.875,0.171387967552745
1.8833333333333333,0.1720716095291175
1.8916666666666666,0.1730639137041856
1.9,0.17407417294314298
1.9083333333333332,0.17539211819624878
1.9166666666666667,0.17665775276500928
1.925,0.17775057620377144
1.9333333333333333,0.17903882035397034
1.9416666666666667,0.17954168277844174
1.95,0.18026214293355736
1.9583333333333333,0.18107635727248317
1.9666666666666666,0.18182041591766263
1.9749999999999999,0.18234774745874582
1.9833333333333334,0.1830685999360333
1.9916666666666667,0.18362685129930578
2.0,0.18462622743883594
2.0083333333333333,0.18591911163845687
2.0166666666666666,0.18674418097092138
2.025,0.18787111356644082
2.033333333333333,0.18899307867899884
2.0416666666666665,0.19021418614197483
2.05,0.1915173848158538
2.058333333333333,0.19262931203148836
2.0666666666666664,0.19357869653564608
2.075,0.1946349611652931
2.0833333333333335,0.19583404923953251
2.091666666666667,0.19657563015522928
2.1,0.1974056423235393
2.1083333333333334,0.1984511072174262
2.1166666666666667,0.19911794334389676
2.125,0.19995640930672565
2.1333333333333333,0.20067586505736146
2.1416666666666666,0.20069151057483592
2.15,0.2007930226711494
2.158333333333333,0.20076180523072318
2.1666666666666665,0.20107246471030704
2.175,0.20120924761785708
2.183333333333333,0.20152375132891898
2.1916666666666664,0.20237811543500617
2.2,0.2029140843030599
2.2083333333333335,0.20376269297210592
2.216666666666667,0.2036256047081373
2.225,0.2035188166430173
2.2333333333333334,0.2027859145711861
2.2416666666666667,0.20248692699831916
2.25,0.20199895795844602
2.2583333333333333,0.2022186582446066
2.2666666666666666,0.2019126925147412
2.275,0.20054600651935095
2.283333333333333,0.2017491632683066
2.2916666666666665,0.20116382253074505
2.3,0.20113336832346884
2.308333333333333,0.20088233180286252
2.3166666666666664,0.20094465101779324
2.325,0.20099484570416903
2.3333333333333335,0.20088119511639912
2.341666666666667,0.20020762120645297
2.35,0.1997687686094871
2.3583333333333334,0.19930931065953006
2.3666666666666667,0.20048105149198747
2.375,0.2020721116068036
2.3833333333333333,0.2020219638079228
2.3916666666666666,0.20387190225315655
2.4,0.20312488217546343
2.408333333333333,0.20248142075254472
2.4166666666666665,0.20311755052550118
2.425,0.20269681079831514
2.433333333333333,0.20329662309986207
2.4416666666666664,0.20511751763296715
2.45,0.20582945185635348
2.4583333333333335,0.20491191083797666
2.466666666666667,0.20632313586271023
2.475,0.20555519610555262
2.4833333333333334,0.20562801596918323
2.4916666666666667,0.20554900906654727
2.5,0.20550626101172753
2.5083333333333333,0.20539771050442135
2.5166666666666666,0.2049286995980295
2.525,0.20464955230718562
2.533333333333333,0.20447430734777416
2.5416666666666665,0.20414064978185564
2.55,0.203650334049984
2.558333333333333,0.2033318662016772
2.5666666666666664,0.20278399032588923
2.575,0.20203848313840833
2.5833333333333335,0.20243379032401743
2.591666666666667,0.20266030718542494
2.6,0.2029799445555287
2.6083333333333334,0.2034186456842415
2.6166666666666667,0.20368297910640787
2.625,0.20350537696586768
2.6333333333333333,0.2035486450558588
2.6416666666666666,0.20305612034579013
2.65,0.2026955160709336
2.658333333333333,0.20262221822782367
2.6666666666666665,0.20249601013132534
2.675,0.2024525051526762
2.683333333333333,0.20201622210763337
2.6916666666666664,0.2009340134987163
2.7,0.20022806352980682
2.7083333333333335,0.2001854168471171
2.716666666666667,0.19981869204082825
2.725,0.19988712466443515
2.7333333333333334,0.2001053714979959
2.7416666666666667,0.20046341024561287
2.75,0.2000464728984903
2.7583333333333333,0.20044069919641339
2.7666666666666666,0.20077545174222222
2.775,0.2004910342728028
2.783333333333333,0.20077081096461202
2.7916666666666665,0.20097270880204743
2.8,0.20105198763563847
2.808333333333333,0.20128262702207267
2.8166666666666664,0.20129550799078832
2.825,0.2009338601038475
2.8333333333333335,0.2004239490425721
2.841666666666667,0.20032942934517695
2.85,0.20050432545052788
2.8583333333333334,0.20002371561117993
2.8666666666666667,0.20003075825917915
2.875,0.19974716494983213
2.8833333333333333,0.19946667975467403
2.8916666666666666,0.19930873005944716
2.9,0.19958029778534336
2.908333333333333,0.199505328534324
2.9166666666666665,0.19971395091808408
2.925,0.20024592813275688
2.933333333333333,0.2001780958427819
2.9416666666666664,0.20095367217518145
2.95,0.20150766886416638
2.9583333333333335,0.20202868220808856
2.966666666666667,0.20266320337793142
2.975,0.2041810182092605
2.9833333333333334,0.20442677984595337
2.9916666666666667,0.20551502856842307
3.0,0.20529236051825572
3.0083333333333333,0.20535940864248747
3.0166666666666666,0.2059312583118047
3.025,0.20551009631653572
3.033333333333333,0.205508319304059
3.0416666666666665,0.2050587829192312
3.05,0.20413721077823754
3.058333333333333,0.20332195731856806
3.0666666666666664,0.20283430306449013
3.075,0.2025887355966185
3.0833333333333335,0.202236956193242
3.091666666666667,0.20214906310567504
3.1,0.20149954980242657
3.1083333333333334,0.20112076761284348
3.1166666666666667,0.20073709081116364
3.125,0.19986184639573623
3.1333333333333333,0.19950612049472105
3.1416666666666666,0.19931579986862258
3.15,0.19876055348294197
3.158333333333333,0.1978887151950064
3.1666666666666665,0.19731977269784418
3.175,0.19644957202338564
3.183333333333333,0.1958010416807876
3.1916666666666664,0.19516108937328425
3.2,0.19436866981054268
3.2083333333333335,0.19369998542603128
3.216666666666667,0.1929926901285679
3.225,0.19224006205641153
3.2333333333333334,0.19212396544604116
3.2416666666666667,0.19196155366790157
3.25,0.1919292258993921
3.2583333333333333,0.19203367165094365
3.2666666666666666,0.19215843701923152
3.275,0.19217525514822076
3.283333333333333,0.19238887434066254
3.2916666666666665,0.19275607568552844
3.3,0.19290575672079657
3.308333333333333,0.19336213834217708
3.3166666666666664,0.1935189121524996
3.3249999999999997,0.1935824200354277
3.3333333333333335,0.19328509383792358
3.341666666666667,0.1931854957248016
3.35,0.192811891599727
3.3583333333333334,0.1926895868998708
3.3666666666666667,0.1916178394124306
3.375,0.19039511889691707
3.3833333333333333,0.1895226718795402
3.3916666666666666,0.18929743354915485
3.4,0.1889163140513408
3.408333333333333,0.188735506815066
3.4166666666666665,0.1881694824691651
3.425,0.18773146739283453
3.433333333333333,0.18705997523365392
3.4416666666666664,0.18648029423711465
3.4499999999999997,0.18584604271075822
3.4583333333333335,0.1855823713374425
3.466666666666667,0.18589085381172366
3.475,0.18604968316883808
3.4833333333333334,0.1861052553359237
3.4916666666666667,0.18641917387865714
3.5,0.18657479678581068
3.5083333333333333,0.1869347970811026
3.5166666666666666,0.18685165468811893
3.525,0.18729109458267845
3.533333333333333,0.18725106815149428
3.5416666666666665,0.1875181122157985
3.55,0.1875914805531369
3.558333333333333,0.18735388155020005
3.5666666666666664,0.18679903999840386
3.5749999999999997,0.18667749343540851
3.5833333333333335,0.1872236324001908
3.591666666666667,0.18723282316327938
3.6,0.18722816140414134
3.6083333333333334,0.18704963022978838
3.6166666666666667,0.1870887771246914
3.625,0.18675960542981196
3.6333333333333333,0.1864614188672924
3.6416666666666666,0.1870909791636861
3.65,0.1873127185180672
3.658333333333333,0.18756371908354486
3.6666666666666665,0.18737090931593214
3.675,0.18704785211915076
3.683333333333333,0.1871155733490404
3.6916666666666664,0.18749344671068147
3.6999999999999997,0.18769627175597403
3.7083333333333335,0.18849536589537097
3.716666666666667,0.18878962291334256
3.725,0.18901217409683935
3.7333333333333334,0.18887592156117305
3.7416666666666667,0.18896970795515933
3.75,0.18933285831473134
3.7583333333333333,0.19032666252493513
3.7666666666666666,0.1909822070710272
3.775,0.19160122917493227
3.783333333333333,0.1922082513038439
3.7916666666666665,0.19296202637411075
3.8,0.1940080867324141
3.808333333333333,0.1952318148596941
3.8166666666666664,0.19619211793491798
3.8249999999999997,0.1971844653984689
3.8333333333333335,0.1981732492888475
3.841666666666667,0.19899448504646866
3.85,0.1992336619949755
3.8583333333333334,0.20003108263017544
3.8666666666666667,0.20048911493315824
3.875,0.20122830300012384
3.8833333333333333,0.2021408190138061
3.8916666666666666,0.20309094514207615
3.9,0.20397648418885805
3.908333333333333,0.20521518901403346
3.9166666666666665,0.20620847640947115
3.925,0.2067474456861158
3.933333333333333,0.2071825653155348
3.9416666666666664,0.2077828980291283
3.9499999999999997,0.20852076581383017
3.9583333333333335,0.20922341777319664
3.966666666666667,0.20980333700017084
3.975,0.21063724951587193
3.9833333333333334,0.21174564674638607
3.9916666666666667,0.21292316397469002
4.0,0.21373261826238754
4.008333333333333,0.21434325044077762
4.016666666666667,0.2153415842010158
4.025,0.2161101813974704
4.033333333333333,0.21632940221993424
4.041666666666667,0.21691773388513558
4.05,0.2173222557071901
4.058333333333334,0.2171650241430083
4.066666666666666,0.2172886059754393
4.075,0.21700361498633391
4.083333333333333,0.21656966003642864
4.091666666666667,0.21636294618834784
4.1,0.21656848072639434
4.108333333333333,0.21645242981566892
4.116666666666666,0.21704419435513045
4.125,0.21709259554650773
4.133333333333333,0.21768802349006044
4.141666666666667,0.21801864500431467
4.15,0.21885311549327802
4.158333333333333,0.21910556332279119
4.166666666666667,0.21968669910017802
4.175,0.22053293117714623
4.183333333333334,0.22097561551227662
4.191666666666666,0.22154958435829308
4.2,0.22180162946311133
4.208333333333333,0.2217556862816883
4.216666666666667,0.2214920656118895
4.225,0.22093799721003893
4.233333333333333,0.2204291578935882
4.241666666666666,0.2203927388759488
4.25,0.21997018493251042
4.258333333333333,0.21948645726539273
4.266666666666667,0.21937477290783947
4.275,0.21901103177566594
4.283333333333333,0.21941234982116287
4.291666666666667,0.21979579999816945
4.3,0.22013557805559225
4.308333333333334,0.22024396045145633
4.316666666666666,0.22081473529221873
4.325,0.2212022737559085
4.333333333333333,0.22163650213691954
4.341666666666667,0.22236136927379824
4.35,0.2230998830636326
4.358333333333333,0.2232746401854131
4.366666666666666,0.22291537518626714
4.375,0.22293404595837107
4.383333333333333,0.2225887086080649
4.391666666666667,0.22260544661591308
4.4,0.22246438623294318
4.408333333333333,0.22210234875456525
4.416666666666667,0.2218339348528544
4.425,0.22143922171748942
4.433333333333334,0.2211612779290133
4.441666666666666,0.2207051622400984
4.45,0.22070356098483201
4.458333333333333,0.2207852381458737
4.466666666666667,0.2217564520294848
4.475,0.22236469869205688
4.483333333333333,0.22267296908044165
4.491666666666666,0.22338638048236592
4.5,0.22437513131941156
4.508333333333333,0.22499903107210795
4.516666666666667,0.22541494820147445
4.525,0.22611219534619376
4.533333333333333,0.2272294647059956
4.541666666666667,0.22768117941092036
4.55,0.22821115346856247
4.558333333333334,0.22883612221839655
4.566666666666666,0.22903204330479188
4.575,0.22842611397492285
4.583333333333333,0.2280197343749677
4.591666666666667,0.22738221839475536
4.6,0.22726293896509708
4.608333333333333,0.22643371847096905
4.616666666666666,0.22595201523923936
4.625,0.22565830978056778
4.633333333333333,0.22570715774341776
4.641666666666667,0.22561684929692927
4.65,0.22577825252923311
4.658333333333333,0.22600397899261715
4.666666666666667,0.22644222242720136
4.675,0.22641596585739743
4.683333333333334,0.22630278838870121
4.691666666666666,0.22668567577776688
4.7,0.22636251315325895
4.708333333333333,0.22668313753535863
4.716666666666667,0.2270715254168576
4.725,0.2272432911143143
4.733333333333333,0.22714299283423411
4.741666666666666,0.2276995849436072
4.75,0.22799816908552661
4.758333333333333,0.2279274224220229
4.766666666666667,0.2284460413885958
4.775,0.22796991259241617
4.783333333333333,0.2280583836027501
4.791666666666667,0.22779468530281322
4.8,0.22737324993099017
4.808333333333334,0.22651945200134627
4.816666666666666,0.2264511914990719
4.825,0.22585815724232194
4.833333333333333,0.22581888922526638
4.841666666666667,0.22577898766717852
4.85,0.2260465838455128
4.858333333333333,0.22589338206666132
4.866666666666666,0.22637324973940176
4.875,0.2261829624267333
4.883333333333333,0.22610247955395835
4.891666666666667,0.2255102215393543
4.9,0.22479771877491772
4.908333333333333,0.2239622536541903
4.916666666666667,0.22311983590873918
4.925,0.22239408251815274
4.933333333333334,0.2212127030518316
4.941666666666666,0.22054442536057817
4.95,0.21958932052263203
4.958333333333333,0.2188395997961019
4.966666666666667,0.21820696220003732
4.975,0.2175335330570296
4.983333333333333,0.21683787040154479
4.991666666666666,0.21671048839600826
5.0,0.21681634286551232
5.008333333333333,0.21687368111613003
5.016666666666667,0.21705908061520285
5.025,0.2164158181955398
5.033333333333333,0.21596241535409222
5.041666666666667,0.21547797825968207
5.05,0.21479324538066247
5.058333333333334,0.2141339300335392
5.066666666666666,0.21437701592278136
5.075,0.2144122297582145
5.083333333333333,0.21401794708470545
5.091666666666667,0.21341418656148026
5.1,0.21299376830368688
5.108333333333333,0.2118764154311441
5.116666666666666,0.21113460014785956
5.125,0.21016698690181101
5.133333333333333,0.20981210906879477
5.141666666666667,0.20920222232873398
5.15,0.20867744059267035
5.158333333333333,0.20767120075829704
5.166666666666667,0.20692567257434225
5.175,0.2065654169497062
5.183333333333334,0.20610255935344468
5.191666666666666,0.20532139874262612
5.2,0.20470309611931836
5.208333333333333,0.2040717482903862
5.216666666666667,0.2036785269294663
5.225,0.20325448138962954
5.233333333333333,0.20247552648360356
5.241666666666666,0.20243975622436894
5.25,0.20135493740227717
5.258333333333333,0.20018958591283753
5.266666666666667,0.19880982427733285
5.275,0.19753590385876452
5.283333333333333,0.19628237127420922
5.291666666666667,0.19431342103612836
5.3,0.1920942243271675
5.308333333333334,0.18995716587381195
5.316666666666666,0.18752696417213444
5.325,0.18518903919265628
5.333333333333333,0.18367654233298736
5.341666666666667,0.18205047743088
5.35,0.18084724523065043
5.358333333333333,0.18072377433623577
5.366666666666666,0.17999314429333735
5.375,0.17991936953343513
5.383333333333333,0.1799336215708034
5.391666666666667,0.1796015670049631
5.4,0.1790319743275095
5.408333333333333,0.17813752003495265
5.416666666666667,0.17770879805272988
5.425,0.17712707388842652
5.433333333333334,0.176839784891202
5.441666666666666,0.17625573280128637
5.45,0.1753349181683379
5.458333333333333,0.17392817156576768
5.466666666666667,0.17257963363318507
5.475,0.17100121265114665
5.483333333333333,0.16977645319340473
5.491666666666666,0.1684305909818402
5.5,0.16735840663983614
5.508333333333333,0.1661497009909363
5.516666666666667,0.1647806360061621
5.525,0.16377304425276606
5.533333333333333,0.16256524840741937
5.541666666666667,0.16190974410385817
5.55,0.16148476320713145
5.558333333333334,0.1612482740541894
5.566666666666666,0.16141873180632493
5.575,0.16131935821952292
5.583333333333333,0.1610257042485892
5.591666666666667,0.16065944473916094
5.6,0.16061620471498195
5.608333333333333,0.16072825506784327
5.616666666666666,0.16095008566561786
5.625,0.16147968784162736
5.633333333333333,0.16208319226177892
5.641666666666667,0.16235038385430656
5.65,0.1625038971515398
5.658333333333333,0.1622009050474924
5.666666666666667,0.1621409621899066
5.675,0.1617946074561043
5.683333333333334,0.16120885600438517
5.691666666666666,0.16105220890995064
5.7,0.16124811845400644
5.708333333333333,0.16145383632061194
5.716666666666667,0.16176547328251667
5.725,0.16198914876759196
5.733333333333333,0.16265400240708527
5.741666666666666,0.16284484528484922
5.75,0.1626075556871598
5.758333333333333,0.16283820917149394
5.766666666666667,0.16294631842579044
5.775,0.16251493480080326
5.783333333333333,0.16233028354917023
5.791666666666667,0.16205398666660864
5.8,0.16170478212756878
5.808333333333334,0.16132319371913617
5.816666666666666,0.1608382218742317
5.825,0.16013828171445788
5.833333333333333,0.15967884247176123
5.841666666666667,0.1592895759243813
5.85,0.1588928290479581
5.858333333333333,0.1588607387669827
5.866666666666666,0.1590796435234194
5.875,0.15934906948431649
5.883333333333333,0.1595827918675634
5.891666666666667,0.1600577725634913
5.9,0.15981727359208153
5.908333333333333,0.15964570531384847
5.916666666666667,0.15982698845116428
5.925,0.1596267657898076
5.933333333333334,0.15975377646537758
5.941666666666666,0.16013547153874907
5.95,0.1602883062728948
5.958333333333333,0.16067194678502328
5.966666666666667,0.1605754509378179
5.975,0.16086379855633792
5.983333333333333,0.16082787107884133
5.991666666666666,0.1609911554482586
6.0,0.16127363702191833
6.008333333333333,0.1616588637414509
6.016666666666667,0.16165640949425786
6.025,0.16171542257180604
6.033333333333333,0.1618993547712917
6.041666666666667,0.16214359670615774
6.05,0.16217558459287007
6.058333333333334,0.1624495979809717
6.066666666666666,0.16268884283505725
6.075,0.16315559868540808
6.083333333333333,0.16343618627170287
6.091666666666667,0.16390041034202674
6.1,0.1641489503645266
6.108333333333333,0.16442843664915618
6.116666666666666,0.16450414903160615
6.125,0.1647223898868837
6.133333333333333,0.16505333768809072
6.141666666666667,0.1646853572904483
6.15,0.1647148759649768
6.158333333333333,0.16471830967916556
6.166666666666667,0.16469925098839977
6.175,0.16510459950596235
6.183333333333334,0.1652360865750213
6.191666666666666,0.16503691718797375
6.2,0.16461301385146032
6.208333333333333,0.16432037075260864
6.216666666666667,0.16388754289265095
6.225,0.1636567104884954
6.233333333333333,0.16370324653894563
6.241666666666666,0.1638331050596027
6.25,0.16377646979142568
6.258333333333333,0.16401496377698566
6.266666666666667,0.16411900576391858
6.275,0.1641815222341252
6.283333333333333,0.16394123101011449
6.291666666666667,0.16405522881769752
6.3,0.16393424451796257
6.308333333333334,0.16344360961379034
6.316666666666666,0.16348488679787376
6.325,0.16346928505635883
6.333333333333333,0.16329928374631675
6.341666666666667,0.16364135968488625
6.35,0.1636212946077411
6.358333333333333,0.16324319194585968
6.366666666666666,0.16291123403497632
6.375,0.16267241381320474
6.383333333333333,0.16285760455143583
6.391666666666667,0.16311523385045756
6.4,0.16293806518963505
6.408333333333333,0.16261972428322768
6.416666666666667,0.16288082735626386
6.425,0.1629373669263845
6.433333333333334,0.16301211590034126
6.441666666666666,0.1630115655932285
6.45,0.16330275089523427
6.458333333333333,0.16357859470805236
6.466666666666667,0.16395632764669155
6.475,0.16467163060626588
6.483333333333333,0.16519114545004676
6.491666666666666,0.16633281491402863
6.5,0.1665094785162018
6.508333333333333,0.16703224153270813
6.516666666666667,0.1673328655448687
6.5249999999999995,0.16771466742060026
6.533333333333333,0.16783109709050859
6.541666666666667,0.16800911713629074
6.55,0.16792803631790876
6.558333333333334,0.167679718967908
6.566666666666666,0.1677306675834258
6.575,0.16738590702423184
6.583333333333333,0.16794106745734183
6.591666666666667,0.16840426781276996
6.6,0.16873338465076237
6.608333333333333,0.16902847676423116
6.616666666666666,0.16936752437955627
6.625,0.16908078397048043
6.633333333333333,0.16903626171467256
6.641666666666667,0.16890871550426634
6.6499999999999995,0.1686234318055031
6.658333333333333,0.16788070361308938
6.666666666666667,0.16782625803422713
6.675,0.166103021204421
6.683333333333334,0.16567623547710197
6.691666666666666,0.16478338407438375
6.7,0.1638281983639529
6.708333333333333,0.16314845359699293
6.716666666666667,0.16214770254244515
6.725,0.16142075820667556
6.733333333333333,0.1598489257726896
6.741666666666666,0.15848797626501732
6.75,0.15726180236301968
6.758333333333333,0.15608547859118516
6.766666666666667,0.15494072562864059
6.7749999999999995,0.15531587786867518
6.783333333333333,0.15380889134614306
6.791666666666667,0.1536800318208298
6.8,0.15325599727317463
6.808333333333334,0.1515524867090179
6.816666666666666,0.15144673603608938
6.825,0.15031610510893456
6.833333333333333,0.14901444205681447
6.841666666666667,0.14784732856948346
6.85,0.14795404610266005
6.858333333333333,0.14557868507199756
6.866666666666666,0.14579547116057645
6.875,0.14440358356945326
6.883333333333333,0.14376467940680682
6.891666666666667,0.14255036945034583
6.8999999999999995,0.14160372187585613
6.908333333333333,0.14064321068037633
6.916666666666667,0.13971012437795682
6.925,0.13882059009560455
6.933333333333334,0.13769609526436244
6.941666666666666,0.1368782587587598
6.95,0.13627974842869706
6.958333333333333,0.13551053775213528
6.966666666666667,0.13507182482411495
6.975,0.13406547411378522
6.983333333333333,0.1332544254752961
6.991666666666666,0.132403630261005
7.0,0.13075414402762386
7.008333333333333,0.129337595821436
7.016666666666667,0.12800315355491443
7.0249999999999995,0.12679697875829343
7.033333333333333,0.12519477449078265
7.041666666666667,0.12382453344309985
7.05,0.12180229638999962
7.058333333333334,0.11993709122979168
7.066666666666666,0.11778332429158378
7.075,0.11553927271439512
7.083333333333333,0.11344193156535431
7.091666666666667,0.11114095254843259
7.1,0.10857936811656499
7.108333333333333,0.10618494519575172
7.116666666666666,0.10355895084026057
7.125,0.1008986969812864
7.133333333333333,0.09848881108954122
7.141666666666667,0.09609881285326938
7.1499999999999995,0.0936632190200346
7.158333333333333,0.09125088293048234
7.166666666666667,0.08923270836971842
7.175,0.08690871119794119
7.183333333333334,0.08441914684030061
7.191666666666666,0.08215810540230017
7.2,0.07989010277648467
7.208333333333333,0.07730809118346738
7.216666666666667,0.07477717809776308
7.225,0.07268682166655727
7.233333333333333,0.07027637309912982
7.241666666666666,0.067712684880465
7.25,0.06519328776198674
7.258333333333333,0.06252674226168953
7.266666666666667,0.05978974078378707
7.2749999999999995,0.05759732280802865
7.283333333333333,0.054868711779790136
7.291666666666667,0.052299154067084075
7.3,0.049450729541091754
7.308333333333334,0.04647636625491325
7.316666666666666,0.04349327365234279
7.325,0.04083193509437244
7.333333333333333,0.038728961793718986
7.341666666666667,0.03604609997370489
7.35,0.03404826961522689
7.358333333333333,0.03112545393975208
7.366666666666666,0.02859598210614167
7.375,0.02579848874446866
7.383333333333333,0.023167737666895727
7.391666666666667,0.020220350219219974
7.3999999999999995,0.017559213299804366
7.408333333333333,0.014379948829614353
7.416666666666667,0.01210736616587016
7.425,0.009639511768110065
7.433333333333334,0.00698079453993139
7.441666666666666,0.005025505382753703
7.45,0.0024709107332621105
7.458333333333333,0.0001270491654055128
7.466666666666667,-0.002403707932665533
7.475,-0.004336314932987029
7.483333333333333,-0.0065021029543571585
7.491666666666666,-0.00781841294095631
7.5,-0.009551788281539686
7.508333333333333,-0.011333644902110307
7.516666666666667,-0.012774126394523577
7.5249999999999995,-0.014759428422424725
7.533333333333333,-0.016327180780240536
7.541666666666667,-0.017697371224866476
7.55,-0.019038076371299062
7.558333333333334,-0.020596493417711303
7.566666666666666,-0.021852500731279756
7.575,-0.023518076023905543
7.583333333333333,-0.02521193860259141
7.591666666666667,-0.02697983557894512
7.6,-0.028987429382431817
7.608333333333333,-0.03125480030770156
7.616666666666666,-0.03308001417914419
7.625,-0.0356738091593769
7.633333333333333,-0.037743533752473524
7.641666666666667,-0.0399068429079541
7.6499999999999995,-0.0418094030085806
7.658333333333333,-0.04368400411552753
7.666666666666667,-0.0453172625931656
7.675,-0.04712566912233751
7.683333333333334,-0.04944132976077953
7.691666666666666,-0.05125310512181824
7.7,-0.05367908611169969
7.708333333333333,-0.055654477414375236
7.716666666666667,-0.057693584292744404
7.725,-0.06010246902675642
7.733333333333333,-0.06226084690464451
7.741666666666666,-0.06403175775926773
7.75,-0.06587642732442067
7.758333333333333,-0.06749746328016293
7.766666666666667,-0.06893214602727982
7.7749999999999995,-0.07025545214086615
7.783333333333333,-0.0716484475238468
7.791666666666667,-0.07260000604241346
7.8,-0.07371371205677169
7.808333333333334,-0.07439092255304014
7.816666666666666,-0.07571993176657388
7.825,-0.07685703959385604
7.833333333333333,-0.07818498771689741
7.841666666666667,-0.07929269743678413
7.85,-0.08033664554335074
7.858333333333333,-0.08137710397235909
7.866666666666666,-0.08227067648743269
7.875,-0.08333996675394761
7.883333333333333,-0.08451593751269804
7.891666666666667,-0.08560890224101858
7.8999999999999995,-0.08689663332314024
7.908333333333333,-0.08821323057194852
7.916666666666667,-0.08974473293064578
7.925,-0.09070128436718716
7.933333333333334,-0.09221925168677947
7.941666666666666,-0.09400512968150143
7.95,-0.09574670227118287
7.958333333333333,-0.09800768969948204
7.966666666666667,-0.09990866996032577
7.975,-0.10189465157769007
7.983333333333333,-0.10325999796895269
7.991666666666666,-0.10486016864401382
8.0,-0.10634454412512218
8.008333333333333,-0.1081515334847124
8.016666666666666,-0.10951759932203187
8.025,-0.11045015627450061
8.033333333333333,-0.1117485541040979
8.041666666666666,-0.11299845257388863
8.05,-0.11387292854475539
8.058333333333334,-0.11474395018847883
8.066666666666666,-0.11576035374089955
8.075,-0.11725730104334608
8.083333333333334,-0.11888257226739529
8.091666666666667,-0.12056907731106425
8.1,-0.12230659655663545
8.108333333333333,-0.1241495481466518
8.116666666666667,-0.12563077024985247
8.125,-0.12708453681826004
8.133333333333333,-0.1285257608769632
8.141666666666666,-0.12972285115715387
8.15,-0.13085701926799342
8.158333333333333,-0.13179140484585994
8.166666666666666,-0.1326937383067649
8.175,-0.13388136670998707
8.183333333333334,-0.13509644501556128
8.191666666666666,-0.13647498513311251
8.2,-0.13772280827056083
8.208333333333334,-0.13910322161176925
8.216666666666667,-0.1402144699482315
8.225,-0.1413734044209194
8.233333333333333,-0.14299556581560713
8.241666666666667,-0.14459292847234473
8.25,-0.14629067834708087
8.258333333333333,-0.14792880952180965
8.266666666666666,-0.14959896331915046
8.275,-0.15140770511508228
8.283333333333333,-0.1531932755406481
8.291666666666666,-0.15509253374653598
8.3,-0.15683528761924825
8.308333333333334,-0.15825685325109518
8.316666666666666,-0.1599261026125154
8.325,-0.16135697070999933
8.333333333333334,-0.16273947890500207
8.341666666666667,-0.16405407242430647
8.35,-0.16519597189231616
8.358333333333333,-0.1660493597942545
8.366666666666667,-0.16631842924582618
8.375,-0.16675373001185423
8.383333333333333,-0.16742810482910764
8.391666666666666,-0.16823388090199975
8.4,-0.16908788723184198
8.408333333333333,-0.16988598858551818
8.416666666666666,-0.17085802524814453
8.425,-0.17163808143851078
8.433333333333334,-0.17218037337706582
8.441666666666666,-0.17267946629272002
8.45,-0.1733466424967376
8.458333333333334,-0.17386444927821065
8.466666666666667,-0.17478255926618846
8.475,-0.17569769915789724
8.483333333333333,-0.17653460283340905
8.491666666666667,-0.17737344725448556
8.5,-0.17821929732683872
8.508333333333333,-0.17887193504223453
8.516666666666666,-0.17960558146970362
8.525,-0.1802539335662443
8.533333333333333,-0.1808086552183179
8.541666666666666,-0.1816199349129337
8.55,-0.1820545508949779
8.558333333333334,-0.1824613665677135
8.566666666666666,-0.18307843356479003
8.575,-0.18367720876366755
8.583333333333334,-0.184369828927203
8.591666666666667,-0.18510508522126512
8.6,-0.18597526388386254
8.608333333333333,-0.18677304783093107
8.616666666666667,-0.18735729285447644
8.625,-0.18793731414819936
8.633333333333333,-0.18868641952498322
8.641666666666666,-0.18927888384274394
8.65,-0.19003605293222725
8.658333333333333,-0.19074882146426453
8.666666666666666,-0.1915995879381226
8.675,-0.1924148243228535
8.683333333333334,-0.1935359451502473
8.691666666666666,-0.19464200320005898
8.7,-0.19586589553769684
8.708333333333334,-0.19671956071494734
8.716666666666667,-0.19737204972737443
8.725,-0.19800128061747213
8.733333333333333,-0.1985726812445977
8.741666666666667,-0.19926152238047545
8.75,-0.19990437336945532
8.758333333333333,-0.2004359937676774
8.766666666666666,-0.2007767435283011
8.775,-0.20130016739807333
8.783333333333333,-0.20173821348747345
8.791666666666666,-0.20242622211447314
8.8,-0.2029398931475922
8.808333333333334,-0.20341687351924698
8.816666666666666,-0.20359908282438421
8.825,-0.2038163367150374
8.833333333333334,-0.2039385839049539
8.841666666666667,-0.20387532218952398
8.85,-0.2038565959469002
8.858333333333333,-0.20365176107222838
8.866666666666667,-0.20331356563835234
8.875,-0.20301476094697435
8.883333333333333,-0.20265303444485305
8.891666666666666,-0.20199197303250682
8.9,-0.20154035692499306
8.908333333333333,-0.20107592488887327
8.916666666666666,-0.2007457281372309
8.925,-0.20055077650340425
8.933333333333334,-0.2003734143189445
8.941666666666666,-0.20030874676328247
8.95,-0.2002028186432695
8.958333333333334,-0.20004963800151654
8.966666666666667,-0.19994909129902727
8.975,-0.19998511924569662
8.983333333333333,-0.20011753174678248
8.991666666666667,-0.20023930520907907
9.0,-0.20043842231951403
9.008333333333333,-0.20071158933340683
9.016666666666666,-0.2008243240661246
9.025,-0.20098762880588217
9.033333333333333,-0.20129151053759398
9.041666666666666,-0.20159447249410678
9.05,-0.20186207688388957
9.058333333333334,-0.20187849662944113
9.066666666666666,-0.20206168226951138
9.075,-0.20193074861021043
9.083333333333334,-0.20170711943115716
9.091666666666667,-0.20154682416248437
9.1,-0.20151163364594749
9.108333333333333,-0.20143972204832494
9.116666666666667,-0.20189275300763498
9.125,-0.2022805923908617
9.133333333333333,-0.20262499714582127
9.141666666666666,-0.20323704252498054
9.15,-0.2036982908037117
9.158333333333333,-0.2043678427190746
9.166666666666666,-0.2050733527806422
9.175,-0.20605247930510817
9.183333333333334,-0.207157064365866
9.191666666666666,-0.20829380971434774
9.2,-0.2091961774004678
9.208333333333334,-0.21001746226031837
9.216666666666667,-0.2108980033299488
9.225,-0.2115029895909254
9.233333333333333,-0.21215657699522628
9.241666666666667,-0.212894594353344
9.25,-0.21363644291571804
9.258333333333333,-0.21426199695645354
9.266666666666666,-0.2149399985267091
9.275,-0.2158186519744304
9.283333333333333,-0.21696546919281579
9.291666666666666,-0.2182140107727989
9.3,-0.21944185747517986
9.308333333333334,-0.2208077401716726
9.316666666666666,-0.22229784417291176
9.325,-0.2238002774942306
9.333333333333334,-0.22591008348681674
9.341666666666667,-0.2275816956663993
9.35,-0.22956659891333198
9.358333333333333,-0.23121362902520004
9.366666666666667,-0.23275566270965364
9.375,-0.23384360650988434
9.383333333333333,-0.23476530296496156
9.391666666666666,-0.23544778753382345
9.4,-0.23562189455064553
9.408333333333333,-0.23571057805411055
9.416666666666666,-0.2358768804348209
9.425,-0.23599143408592738
9.433333333333334,-0.23617347306789493
9.441666666666666,-0.23623062416464824
9.45,-0.23636612679176028
9.458333333333334,-0.2368835829339353
9.466666666666667,-0.23729650381121425
9.475,-0.2377547127850166
9.483333333333333,-0.23815965474908352
9.491666666666667,-0.23891858650739994
9.5,-0.23974408266285752
9.508333333333333,-0.24069277623641883
9.516666666666666,-0.24215616695088082
9.525,-0.2433291636085384
9.533333333333333,-0.24468321989223285
9.541666666666666,-0.24620045352555608
9.55,-0.24769678194727884
9.558333333333334,-0.24920999680117883
9.566666666666666,-0.2510111485385301
9.575,-0.2523461154652905
9.583333333333334,-0.25370630342607625
9.591666666666667,-0.25487266761347926
9.6,-0.25584663822200304
9.608333333333333,-0.25665456038646073
9.616666666666667,-0.25766959437134995
9.625,-0.25866303452605244
9.633333333333333,-0.2595485393809951
9.641666666666666,-0.26039126647381716
9.65,-0.2613473124703848
9.658333333333333,-0.2623498218745892
9.666666666666666,-0.26336217371633286
9.675,-0.2643377303630995
9.683333333333334,-0.2651164993119909
9.691666666666666,-0.2657489181142756
9.7,-0.26651796599186783
9.708333333333334,-0.26718356846917035
9.716666666666667,-0.26795126844265205
9.725,-0.2687854559105841
9.733333333333333,-0.269455421381976
9.741666666666667,-0.27004694437436727
9.75,-0.27052639874727913
9.758333333333333,-0.27105914320428415
9.766666666666666,-0.2715146253669497
9.775,-0.2717136152682684
9.783333333333333,-0.27192054947444444
9.791666666666666,-0.2722011128612123
9.8,-0.2725385011393152
9.808333333333334,-0.27262912488172353
9.816666666666666,-0.2730748735678712
9.825,-0.2737114225664158
9.833333333333334,-0.2743412398868067
9.841666666666667,-0.2749693785292978
9.85,-0.27563451960675245
9.858333333333333,-0.27621920030493574
9.866666666666667,-0.2768845027729465
9.875,-0.27760893054014135
9.883333333333333,-0.2780958782399583
9.891666666666666,-0.2787371809004112
9.9,-0.2792927106220583
9.908333333333333,-0.28008936709095533
9.916666666666666,-0.2807264635187928
9.925,-0.28151272797640414
9.933333333333334,-0.2820308879247281
9.941666666666666,-0.28254513488484245
9.95,-0.28317025224842174
9.958333333333334,-0.28341855042466624
9.966666666666667,-0.2838367226368066
9.975,-0.28427148659902024
9.983333333333333,-0.28474910440531886
9.991666666666667,-0.2851796840808042
10.0,-0.28560716766287897
10.008333333333333,-0.28599433379933703
10.016666666666666,-0.28656982037754286
10.025,-0.2870099994688219
10.033333333333333,-0.2875015702553638
10.041666666666666,-0.28795823619603567
10.05,-0.2883640005725556
10.058333333333334,-0.2884556025930929
10.066666666666666,-0.2890007317668952
10.075,-0.2891775931052559
10.083333333333334,-0.289363186824819
10.091666666666667,-0.28931662416083914
10.1,-0.2893949254678777
10.108333333333333,-0.2894594393705323
10.116666666666667,-0.2895231727549784
10.125,-0.28959079609640026
10.133333333333333,-0.289654213499592
10.141666666666666,-0.289886848631299
10.15,-0.29010986120227833
10.158333333333333,-0.2906209303441347
10.166666666666666,-0.2911005078801555
10.175,-0.2918263767491772
10.183333333333334,-0.2924560813941446
10.191666666666666,-0.2932919596370396
10.2,-0.29397184371870977
10.208333333333334,-0.2947988315556579
10.216666666666667,-0.29559272138852133
10.225,-0.2963102690675038
10.233333333333333,-0.29706496451450304
10.241666666666667,-0.29748494949743853
10.25,-0.2981545024862503
10.258333333333333,-0.2991650850045915
10.266666666666666,-0.29987188247091967
10.275,-0.30046956934079305
10.283333333333333,-0.30094125879811284
10.291666666666666,-0.30143110600652523
10.3,-0.3018091638813425
10.308333333333334,-0.3019287838106126
10.316666666666666,-0.30196321988679775
10.325,-0.30180394322466153
10.333333333333334,-0.30177358025333023
10.341666666666667,-0.30170599010660315
10.35,-0.30148606712071646
10.358333333333333,-0.301204071812308
10.366666666666667,-0.300983558672855
10.375,-0.30088098670770036
10.383333333333333,-0.3006437912106763
10.391666666666666,-0.30052307331706374
10.4,-0.3001829556608854
10.408333333333333,-0.29991100095787193
10.416666666666666,-0.2997858733175621
10.425,-0.29962552163740597
10.433333333333334,-0.29935642792741013
10.441666666666666,-0.2992087685495928
10.45,-0.2986820190001227
10.458333333333334,-0.29777743043775284
10.466666666666667,-0.29699104360051354
10.475,-0.29616879894762094
10.483333333333333,-0.29556385004568275
10.491666666666667,-0.29508512344454385
10.5,-0.2945255294322514
10.508333333333333,-0.29403582324785005
10.516666666666666,-0.29367332284628667
10.525,-0.2931359930014412
10.533333333333333,-0.2925313610527961
10.541666666666666,-0.29187131807560307
10.55,-0.29105902695393204
10.558333333333334,-0.2903242418670161
10.566666666666666,-0.2895391868450279
10.575,-0.2886053373012655
10.583333333333334,-0.2876584878193329
10.591666666666667,-0.2867126258700191
10.6,-0.28579282585788324
10.608333333333333,-0.28498719112673476
10.616666666666667,-0.2840569906620348
10.625,-0.28334361125195207
10.633333333333333,-0.28246324024623826
10.641666666666666,-0.28162931706795935
10.65,-0.28089647289280906
10.658333333333333,-0.2801083126422257
10.666666666666666,-0.27942170851678494
10.675,-0.2787392482634321
10.683333333333334,-0.2782528984159155
10.691666666666666,-0.2776327077728592
10.7,-0.27718931429266924
10.708333333333334,-0.2767540510922514
10.716666666666667,-0.2765577334370909
10.725,-0.276139749650103
10.733333333333333,-0.2759294770955403
10.741666666666667,-0.2754816103121166
10.75,-0.27511799739197595
10.758333333333333,-0.2743325213578217
10.766666666666666,-0.273603841184316
10.775,-0.2728123798493073
10.783333333333333,-0.27187657233441387
10.791666666666666,-0.2707122086886853
10.8,-0.26956256469997186
10.808333333333334,-0.26865927970558723
10.816666666666666,-0.2678510997617922
10.825,-0.2672486648174439
10.833333333333334,-0.26694154748622323
10.841666666666667,-0.2667768993932491
10.85,-0.26649582006872297
10.858333333333333,-0.2659164347926095
10.866666666666667,-0.2653527576604414
10.875,-0.26452941501912874
10.883333333333333,-0.26391167857058284
10.891666666666666,-0.2632023597329829
10.9,-0.26249923590473634
10.908333333333333,-0.2619001699438518
10.916666666666666,-0.26124905990524905
10.925,-0.26068559495904986
10.933333333333334,-0.25997749518841917
10.941666666666666,-0.2592047814931864
10.95,-0.2585773778149453
10.958333333333334,-0.2576691869105212
10.966666666666667,-0.25678814640779213
10.975,-0.25590138544122565
10.983333333333333,-0.25492776125047945
10.991666666666667,-0.2540104218776599
11.0,-0.253629077883021
11.008333333333333,-0.25348023699705824
11.016666666666666,-0.2532222006951651
11.025,-0.2532065672660091
11.033333333333333,-0.25303643713163926
11.041666666666666,-0.25256573420832695
11.05,-0.25261548853737137
11.058333333333334,-0.25302659336296995
11.066666666666666,-0.2535669088086062
11.075,-0.25411112931882107
11.083333333333334,-0.2549073603894998
11.091666666666667,-0.2554219462204257
11.1,-0.25615300087327264
11.108333333333333,-0.25643558400889077
11.116666666666667,-0.2563760667643067
11.125,-0.25623905924770307
11.133333333333333,-0.2555996842987709
11.141666666666666,-0.254644613116662
11.15,-0.2538962324446641
11.158333333333333,-0.25308460378799535
11.166666666666666,-0.2523812089648919
11.175,-0.2517274354565969
11.183333333333334,-0.2515794940565227
11.191666666666666,-0.2514368474288149
11.2,-0.25138521605553177
11.208333333333334,-0.2516194738938571
11.216666666666667,-0.251650761910462
11.225,-0.25168978043398726
11.233333333333333,-0.2516038618109592
11.241666666666667,-0.2514353164311396
11.25,-0.25095063709438303
11.258333333333333,-0.2506276736886387
11.266666666666666,-0.25035193780781995
11.275,-0.25047864633722017
11.283333333333333,-0.2506140407735987
11.291666666666666,-0.25078272676855407
11.3,-0.25141783927828276
11.308333333333334,-0.2523396866842881
11.316666666666666,-0.25307459607608385
11.325,-0.25356242707919374
11.333333333333334,-0.2538908301443349
11.341666666666667,-0.25474451964556355
11.35,-0.2558454136499262
11.358333333333333,-0.2568884004275318
11.366666666666667,-0.25765773007530446
11.375,-0.25815419323963373
11.383333333333333,-0.25877432094756814
11.391666666666666,-0.2595453390675575
11.4,-0.2601932887383209
11.408333333333333,-0.26095883124624975
11.416666666666666,-0.2618167525633489
11.425,-0.26271841039825305
11.433333333333334,-0.2635864721791773
11.441666666666666,-0.26425807525748135
11.45,-0.26470351933199154
11.458333333333334,-0.2651755765034758
11.466666666666667,-0.26525180667426507
11.475,-0.2651035023660778
11.483333333333333,-0.2655537516538058
11.491666666666667,-0.2658575148651807
11.5,-0.2656748218892667
11.508333333333333,-0.26513866706305744
11.516666666666666,-0.26497462133616556
11.525,-0.2646235971321277
11.533333333333333,-0.264496238647031
11.541666666666666,-0.26413273157328476
11.55,-0.2643497787040784
11.558333333333334,-0.2645942538867717
11.566666666666666,-0.2651216298129192
11.575,-0.26580838450294475
11.583333333333334,-0.266854456039582
11.591666666666667,-0.2680144426278672
11.6,-0.2690202262108172
11.608333333333333,-0.2699384026863352
11.616666666666667,-0.27075914537711576
11.625,-0.27163811895008005
11.633333333333333,-0.27204218425869575
11.641666666666666,-0.27297099614401943
11.65,-0.2735431571420831
11.658333333333333,-0.2745389405150459
11.666666666666666,-0.2754267482849132
11.675,-0.2764574732271944
11.683333333333334,-0.2763446692287176
11.691666666666666,-0.2772483251902851
11.7,-0.27741306666603827
11.708333333333334,-0.2772895365721161
11.716666666666667,-0.27696286156145644
11.725,-0.2760780576858245
11.733333333333333,-0.27509770464486516
11.741666666666667,-0.2740060613794846
11.75,-0.2726180012648156
11.758333333333333,-0.27169133656632094
11.766666666666666,-0.2711912873742526
11.775,-0.27059552296509204
11.783333333333333,-0.269877213108057
11.791666666666666,-0.2690869083758918
11.8,-0.26844781353744485
11.808333333333334,-0.2678585599403196
11.816666666666666,-0.267213668708307
11.825,-0.2663884641238682
11.833333333333334,-0.2658628747199382
11.841666666666667,-0.26484127057379536
11.85,-0.26402083003342813
11.858333333333333,-0.2629255504804481
11.866666666666667,-0.26178715438114764
11.875,-0.2606254853381573
11.883333333333333,-0.25942866728480085
11.891666666666666,-0.2585892057716347
11.9,-0.2579916809908279
11.908333333333333,-0.25781430905224345
11.916666666666666,-0.25738301250773177
11.925,-0.2574592690920503
11.933333333333334,-0.25710978411903784
11.941666666666666,-0.25667887648941856
11.95,-0.2561574595289189
11.958333333333334,-0.2556619798627613
11.966666666666667,-0.25481503792987836
11.975,-0.2535961155952443
11.983333333333333,-0.2522735787880822
11.991666666666667,-0.250596496715383
12.0,-0.24931339120721485
12.008333333333333,-0.24788755078956126
12.016666666666666,-0.24649152426926046
12.025,-0.24581669139393292
12.033333333333333,-0.24540750025024927
12.041666666666666,-0.24483737721522092
12.05,-0.2439850482296121
12.058333333333334,-0.242826506599493
12.066666666666666,-0.24153969768401717
12.075,-0.24025594583604748
12.083333333333334,-0.23898865787324353
12.091666666666667,-0.2379735879943674
12.1,-0.23713761231582386
12.108333333333333,-0.23653811260446977
12.116666666666667,-0.23604771186814888
12.125,-0.23548815925823574
12.133333333333333,-0.23452368572659943
12.141666666666666,-0.23324765701367978
12.15,-0.232213335907146
12.158333333333333,-0.23130114677911384
12.166666666666666,-0.23014971156866115
12.175,-0.2276561665061394
12.183333333333334,-0.2259935988656545
12.191666666666666,-0.2238337392912324
12.2,-0.22324914506917592
12.208333333333334,-0.22295293843900454
12.216666666666667,-0.2228596719917043
12.225,-0.22140938665707655
12.233333333333333,-0.2208705461085212
12.241666666666667,-0.220688751248033
12.25,-0.22043221246457634
12.258333333333333,-0.22000587667959737
12.266666666666666,-0.21829558834234686
12.275,-0.21661034317667116
12.283333333333333,-0.2151387701156785
12.291666666666666,-0.2136351654153742
12.3,-0.21167825755928604
12.308333333333334,-0.20936859579926947
12.316666666666666,-0.20714125716746223
12.325,-0.2048739972143625
12.333333333333334,-0.20287290035702576
12.341666666666667,-0.2011324223754548
12.35,-0.19909860449625205
12.358333333333333,-0.19703322994203587
12.366666666666667,-0.19563927057251007
12.375,-0.19438721150498717
12.383333333333333,-0.19336437652479754
12.391666666666666,-0.1923601064980549
12.4,-0.19125910836788862
12.408333333333333,-0.19010284083684292
12.416666666666666,-0.18847252962409844
12.425,-0.18661871528167706
12.433333333333334,-0.18484944797232872
12.441666666666666,-0.1832964279208208
12.45,-0.18169411640295985
12.458333333333334,-0.1802609910278944
12.466666666666667,-0.17888098302199207
12.475,-0.17780294304589972
12.483333333333333,-0.17704549868018826
12.491666666666667,-0.1756553819669695
12.5,-0.17409952462247757
12.508333333333333,-0.1721571621032817
12.516666666666666,-0.17014734089991024
12.525,-0.16856112884837282
12.533333333333333,-0.1668463490106259
12.541666666666666,-0.16493195551329332
12.55,-0.1630544003490303
12.558333333333334,-0.16106788572135222
12.566666666666666,-0.15920179594197148
12.575,-0.15676914543814424
12.583333333333334,-0.15499623868070533
12.591666666666667,-0.15307392060552316
12.6,-0.1512570519821198
12.608333333333333,-0.149296861816269
12.616666666666667,-0.14706366509746582
12.625,-0.14499836191627857
12.633333333333333,-0.1428215071874186
12.641666666666666,-0.14040009790729335
12.65,-0.13755538640818277
12.658333333333333,-0.13470936896156316
12.666666666666666,-0.13145499130214833
12.675,-0.1283322996040761
12.683333333333334,-0.12483639414848713
12.691666666666666,-0.12118941480713208
12.7,-0.11728015514827828
12.708333333333334,-0.11336791173040472
12.716666666666667,-0.10921524150382622
12.725,-0.10607793467936599
12.733333333333333,-0.1028842852053824
12.741666666666667,-0.09979915829240749
12.75,-0.09612239886898188
12.758333333333333,-0.09238602400200702
12.766666666666666,-0.08911647025786207
12.775,-0.08606607955914392
12.783333333333333,-0.0835941845170135
12.791666666666666,-0.08089845138840568
12.8,-0.07831068090451976
12.808333333333334,-0.0760231136822771
12.816666666666666,-0.07411026657173336
12.825,-0.07252628357885649
12.833333333333334,-0.07091067670791917
12.841666666666667,-0.06930810050618608
12.85,-0.06795163455650532
12.858333333333333,-0.06637476062087266
12.866666666666667,-0.0646535166808605
12.875,-0.06333895618369811
12.883333333333333,-0.06243059812702567
12.891666666666666,-0.061533054660522946
12.9,-0.060240411050486165
12.908333333333333,-0.0587651923350333
12.916666666666666,-0.05738852661739502
12.924999999999999,-0.055863979591684765
12.933333333333334,-0.05409260789028725
12.941666666666666,-0.05221441514921488
12.95,-0.05045138521988002
12.958333333333334,-0.049217873707196325
12.966666666666667,-0.04783191672189213
12.975,-0.04663935365722072
12.983333333333333,-0.045096107212774905
12.991666666666667,-0.043416632521291465
13.0,-0.04149924075281308
13.008333333333333,-0.03954803782427174
13.016666666666666,-0.0374311796482365
13.025,-0.0345473034050654
13.033333333333333,-0.03247705148331559
13.041666666666666,-0.02996383251509538
13.049999999999999,-0.027791665808502675
13.058333333333334,-0.026330273565757456
13.066666666666666,-0.024918263122378548
13.075,-0.022864887901517417
13.083333333333334,-0.020469316195006915
13.091666666666667,-0.018182634603065906
13.1,-0.016235655264430937
13.108333333333333,-0.014351088986646499
13.116666666666667,-0.0125547001593872
13.125,-0.010126072777755568
13.133333333333333,-0.00813709963043685
13.141666666666666,-0.006308695314752755
13.15,-0.004903916193716662
13.158333333333333,-0.003350359026369154
13.166666666666666,-0.0015105655087077619
13.174999999999999,-8.124120809849256e-05
13.183333333333334,0.0019433289301731271
13.191666666666666,0.004421901150357677
13.2,0.007225412965488953
13.208333333333334,0.010543687713226113
13.216666666666667,0.013937998956373265
13.225,0.01707073805217396
13.233333333333333,0.020975358651573517
13.241666666666667,0.025053055369222754
13.25,0.028763659902944383
13.258333333333333,0.03235398727537442
13.266666666666666,0.03558167919060584
13.275,0.038568486082004805
13.283333333333333,0.041778323919628324
13.291666666666666,0.04519333385580082
13.299999999999999,0.04948689379719928
13.308333333333334,0.05405462180719911
13.316666666666666,0.057815486986730225
13.325,0.06187185733185552
13.333333333333334,0.06528403738825372
13.341666666666667,0.06888454143134126
13.35,0.07153103204673661
13.358333333333333,0.07491409692410267
13.366666666666667,0.07852629676406142
13.375,0.08212567106931834
13.383333333333333,0.08560224969823205
13.391666666666666,0.08836332216193798
13.4,0.09140460166753361
13.408333333333333,0.09439466577867339
13.416666666666666,0.09674839871339924
13.424999999999999,0.09934160093207911
13.433333333333334,0.10141708786790238
13.441666666666666,0.10349121713038523
13.45,0.10658990028384996
13.458333333333334,0.10812707504471475
13.466666666666667,0.10925084200786839
13.475,0.11053739997429424
13.483333333333333,0.11173390611289302
13.491666666666667,0.11326310147068863
13.5,0.11508039849700213
13.508333333333333,0.11687194472353557
13.516666666666666,0.11803090259575999
13.525,0.11952736274999931
13.533333333333333,0.12046824390822519
13.541666666666666,0.1214017097095379
13.549999999999999,0.12261521375890383
13.558333333333334,0.12411055292497153
13.566666666666666,0.12596213028906433
13.575,0.12762114984850692
13.583333333333334,0.12899345005478868
13.591666666666667,0.13008080662577837
13.6,0.1313675628390969
13.608333333333333,0.13341018796818682
13.616666666666667,0.13515854959775409
13.625,0.13621126956174234
13.633333333333333,0.13773996995613524
13.641666666666666,0.1396269535876693
13.65,0.1411422692592601
13.658333333333333,0.14147526013853162
13.666666666666666,0.14162329593004386
13.674999999999999,0.14108712393444045
13.683333333333334,0.14158381760852246
13.691666666666666,0.14215289733501701
13.7,0.14337215111055435
13.708333333333334,0.14405721350125833
13.716666666666667,0.14326301171494316
13.725,0.14263961969536987
13.733333333333333,0.1416331995476927
13.741666666666667,0.1409024980833684
13.75,0.14104105586674054
13.758333333333333,0.14108088275388853
13.766666666666666,0.14099207160875427
13.775,0.14025003324605967
13.783333333333333,0.13909008755279118
13.791666666666666,0.1397394957032978
13.799999999999999,0.14060420604963464
13.808333333333334,0.14294945822116367
13.816666666666666,0.14524397955576607
13.825,0.14721030771744958
13.833333333333334,0.14897436631972338
13.841666666666667,0.15012331283140168
13.85,0.15136586486283132
13.858333333333333,0.15371693187188784
13.866666666666667,0.15732151263132454
13.875,0.16014687808006567
13.883333333333333,0.16449512594659566
13.891666666666666,0.16768205900497435
13.9,0.16884429474368878
13.908333333333333,0.17187885622182808
13.916666666666666,0.1751485373874444
13.924999999999999,0.18052339465700662
13.933333333333334,0.18454378635455249
13.941666666666666,0.18764378461411213
13.95,0.18950196592407376
13.958333333333334,0.19277337477773937
13.966666666666667,0.19895436269561917
13.975,0.20407983162618692
13.983333333333333,0.210092652211749
13.991666666666667,0.2123395959560832
14.0,0.21170442480483342
14.008333333333333,0.21222366505083556
14.016666666666666,0.21501800214826794
14.025,0.21662489055912015
14.033333333333333,0.21699885913853723
14.041666666666666,0.21660501386265096
14.049999999999999,0.21642900170068202
14.058333333333334,0.21491532241998934
14.066666666666666,0.2139196861557695
14.075,0.21324456363631938
14.083333333333334,0.21511913589158715
14.091666666666667,0.21560387859178087
14.1,0.21404167955480657
14.108333333333333,0.2091516302801455
14.116666666666667,0.20370703608464824
14.125,0.19779206407665129
14.133333333333333,0.1967553739051977
14.141666666666666,0.19404376373710308
14.15,0.19073575156814204
14.158333333333333,0.1857437267233788
14.166666666666666,0.18134845472143257
14.174999999999999,0.17780314366133276
14.183333333333334,0.173854519201587
14.191666666666666,0.16988308123316465
14.2,0.15902045628258854
14.208333333333334,0.1471865230716951
14.216666666666667,0.13420819269109918
14.225,0.11959109896542808
14.233333333333333,0.09994284387937702
14.241666666666667,0.07692598235806347
14.25,0.054266606589469024
14.258333333333333,0.030312499584087327
14.266666666666666,0.004712764172385864
14.275,-0.03493365582710717
14.283333333333333,-0.09240920119115315
14.291666666666666,-0.16958670771538553
14.299999999999999,-0.2901555899694742
14.308333333333334,-0.2950985976510122
14.316666666666666,-0.2989864654480143
14.325,-0.3062404156071994
14.333333333333334,-0.31340071129209535
14.341666666666667,-0.3203578084321086
14.35,-0.32745535382854407
14.358333333333333,-0.33386306702672686
14.366666666666667,-0.33927823394559775
14.375,-0.3467382172791128
14.383333333333333,-0.35390349225214734
14.391666666666666,-0.36088145793462056
14.4,-0.3665612868715641
14.408333333333333,-0.3685133521108569
14.416666666666666,-0.37026647899736254
14.424999999999999,-0.37244139030163925
14.433333333333334,-0.37609659130965967
14.441666666666666,-0.37638828301969496
14.45,-0.3714343085222166
14.458333333333334,-0.36797891841533015
14.466666666666667,-0.3641439274847703
14.475,-0.36133321336090407
14.483333333333333,-0.36160132166544734
14.491666666666667,-0.3567256532264672
14.5,-0.348916093599997
14.508333333333333,-0.34383325205915527
14.516666666666666,-0.34060442586940476
14.525,-0.34132475145574737
14.533333333333333,-0.34153701365892586
14.541666666666666,-0.3418930086752612
14.549999999999999,-0.3405046460394956
14.558333333333334,-0.3413664966021771
14.566666666666666,-0.34653791922807753
14.575,-0.3502917855269896
14.583333333333334,-0.35007827927667445
14.591666666666667,-0.3501920114651169
14.6,-0.3478492591872757
14.608333333333333,-0.3470069954826043
14.616666666666667,-0.34544093558615985
14.625,-0.34449055778268955
14.633333333333333,-0.3442283434907327
14.641666666666666,-0.346034551449382
14.65,-0.3514241398389918
14.658333333333333,-0.3554549777297159
14.666666666666666,-0.363113750442122
14.674999999999999,-0.3701985551816439
14.683333333333334,-0.3765938439146118
14.691666666666666,-0.3844355488361063
14.7,-0.39074372243422906
14.708333333333334,-0.39485822794803316
14.716666666666667,-0.39710188801534385
14.725,-0.3965756202645607
14.733333333333333,-0.39530496322556896
14.741666666666667,-0.3920080840446998
14.75,-0.39162424964507847
14.758333333333333,-0.38777884672276386
14.766666666666666,-0.3851472636279336
14.775,-0.378883493698145
14.783333333333333,-0.3721924123440036
14.791666666666666,-0.36801860216495064
14.799999999999999,-0.3724099133063731
14.808333333333334,-0.3785356907905113
14.816666666666666,-0.3935147490721339
14.825,-0.39654605815451327
14.833333333333334,-0.39966345416489313
14.841666666666667,-0.39772831426152566
14.85,-0.3978637687041574
14.858333333333333,-0.3976750452027338
14.866666666666667,-0.39797173739367653
14.875,-0.39964227741259695
14.883333333333333,-0.3997854774689287
14.891666666666666,-0.3999999999999999
14.9,-0.3999999999999999
