lag_frame[sec],MSD_[px^2]
0.008333333333333333,0.8743505970470837
0.016666666666666666,1.4051585618250126
0.025,1.9105780906894279
0.03333333333333333,2.4001396151048047
0.041666666666666664,2.88291636093572
0.05,3.361231595062974
0.058333333333333334,3.8248404138403926
0.06666666666666667,4.288729176163562
0.075,4.737588170832774
0.08333333333333333,5.184984122908888
0.09166666666666666,5.635775697737513
0.1,6.064805943341855
0.10833333333333334,6.493272881483199
0.11666666666666667,6.926255210262535
0.125,7.3501750873428
0.13333333333333333,7.768776231338676
0.14166666666666666,8.18920474522779
0.15,8.608656603631191
0.15833333333333333,9.014281698737715
0.16666666666666666,9.422303723448062
0.175,9.826859707726468
0.18333333333333332,10.225529698208144
0.19166666666666665,10.620114875268824
0.2,11.017283578258295
0.20833333333333334,11.402419378869979
0.21666666666666667,11.792385428700637
0.225,12.182496529057266
0.23333333333333334,12.570150127170717
0.24166666666666667,12.951565046950746
0.25,13.335037816674333
0.2583333333333333,13.708272815769126
0.26666666666666666,14.08587295046986
0.275,14.461792913283515
0.2833333333333333,14.831895001903831
0.2916666666666667,15.20099999941008
0.3,15.56906662102356
0.30833333333333335,15.931575765374507
0.31666666666666665,16.296705672719614
0.325,16.653522526235758
0.3333333333333333,17.009691033680294
0.3416666666666667,17.368299803668748
0.35,17.73458010429498
0.35833333333333334,18.09375741674655
0.36666666666666664,18.4500543194198
0.375,18.813691017595875
0.3833333333333333,19.164666961919362
0.39166666666666666,19.514646811520784
0.4,19.86282567675088
0.4083333333333333,20.210054954808086
0.4166666666666667,20.55910215482855
0.425,20.903034642307144
0.43333333333333335,21.252130578856455
0.44166666666666665,21.596600383378515
0.45,21.940823192996113
0.4583333333333333,22.28435537853071
0.4666666666666667,22.62644839402083
0.475,22.960872021268692
0.48333333333333334,23.304998703807104
0.49166666666666664,23.63791630844935
0.5,23.977312127583218
0.5083333333333333,24.318216247559956
0.5166666666666666,24.65507564707495
0.525,24.9864215125957
0.5333333333333333,25.316803724104687
0.5416666666666666,25.65128414031029
0.55,25.9840443032157
0.5583333333333333,26.313092766480523
0.5666666666666667,26.646649745939452
0.575,26.969076387409274
0.5833333333333334,27.297485155802278
0.5916666666666667,27.61729996916753
0.6,27.944463092877633
0.6083333333333333,28.268740646943574
0.6166666666666667,28.581554795971368
0.625,28.89767663075569
0.6333333333333333,29.20783086183218
0.6416666666666666,29.52365231937064
0.65,29.84001585854702
0.6583333333333333,30.163058165620193
0.6666666666666666,30.475906042483146
0.675,30.78964590021326
0.6833333333333333,31.091711323135378
0.6916666666666667,31.40353222796603
0.7,31.723269807598
0.7083333333333334,32.03961936570409
0.7166666666666667,32.35329210707234
0.725,32.67453019842824
0.7333333333333333,32.97961476788015
0.7416666666666667,33.2924760590753
0.75,33.60769124460576
0.7583333333333333,33.91961233000158
0.7666666666666666,34.23042567566049
0.775,34.54260368453668
0.7833333333333333,34.86139091380231
0.7916666666666666,35.17314437532476
0.8,35.47859246423521
0.8083333333333333,35.78338170323065
0.8166666666666667,36.10697321461223
0.825,36.415335845396285
0.8333333333333334,36.72584110527591
0.8416666666666667,37.03749893083735
0.85,37.35099925913704
0.8583333333333333,37.66040239296392
0.8666666666666667,37.96938713365622
0.875,38.26950315103028
0.8833333333333333,38.58053515286361
0.8916666666666666,38.89300411296134
0.9,39.189761417686356
0.9083333333333333,39.489378954311526
0.9166666666666666,39.79704013323583
0.9249999999999999,40.09399469646111
0.9333333333333333,40.39234224376888
0.9416666666666667,40.69296581813323
0.95,40.9836936125476
0.9583333333333334,41.287637151778455
0.9666666666666667,41.592056391138094
0.975,41.886502951957254
0.9833333333333333,42.191325338689026
0.9916666666666667,42.490118580017366
1.0,42.79176870472301
1.0083333333333333,43.08529727382735
1.0166666666666666,43.40592877164288
1.025,43.701454571054676
1.0333333333333332,43.995307729471
1.0416666666666667,44.30156446478335
1.05,44.598480264613144
1.0583333333333333,44.90540333805937
1.0666666666666667,45.20261472674307
1.075,45.498342760962736
1.0833333333333333,45.79093571428355
1.0916666666666666,46.08537207686479
1.1,46.36898578494869
1.1083333333333334,46.66770813205857
1.1166666666666667,46.95723555115551
1.125,47.24771196388541
1.1333333333333333,47.53565731967144
1.1416666666666666,47.82990097819074
1.15,48.11420822607987
1.1583333333333332,48.4084312089846
1.1666666666666667,48.69706735275297
1.175,48.99963041952524
1.1833333333333333,49.29468712710663
1.1916666666666667,49.582712435007096
1.2,49.87791811167645
1.2083333333333333,50.17030384102355
1.2166666666666666,50.46651708363658
1.225,50.76030862677501
1.2333333333333334,51.05637684951487
1.2416666666666667,51.34572235387751
1.25,51.637938406234
1.2583333333333333,51.92871503055325
1.2666666666666666,52.23283393359309
1.275,52.52313443321998
1.2833333333333332,52.818790852079374
1.2916666666666667,53.10889347627441
1.3,53.408501959185436
1.3083333333333333,53.69734013870276
1.3166666666666667,53.98480032113273
1.325,54.27830151351583
1.3333333333333333,54.57950180478712
1.3416666666666666,54.87418701847622
1.35,55.16171809790932
1.3583333333333334,55.46017346539058
1.3666666666666667,55.75666371717827
1.375,56.03726116748604
1.3833333333333333,56.32528039012951
1.3916666666666666,56.610054817736994
1.4,56.89384388647505
1.4083333333333332,57.17842313851412
1.4166666666666667,57.45658800585081
1.425,57.72990816906564
1.4333333333333333,58.02048965927856
1.4416666666666667,58.301066449857835
1.45,58.58431988679517
1.4583333333333333,58.85591582039932
1.4666666666666666,59.131345110118794
1.475,59.413989403690564
1.4833333333333334,59.69074956549628
1.4916666666666667,59.972076432920254
1.5,60.25217126875887
1.5083333333333333,60.53307268956118
1.5166666666666666,60.81578933285918
1.525,61.098329516385995
1.5333333333333332,61.38488638296679
1.5416666666666667,61.664433220110965
1.55,61.94616330911581
1.5583333333333333,62.22620059556272
1.5666666666666667,62.50166208169396
1.575,62.7872559872984
1.5833333333333333,63.06471433978133
1.5916666666666666,63.32917542523618
1.6,63.596059101486
1.6083333333333334,63.87524487404481
1.6166666666666667,64.14285984127511
1.625,64.42875071011949
1.6333333333333333,64.7116323237363
1.6416666666666666,65.00378294389972
1.65,65.28619244902441
1.6583333333333332,65.55394200523492
1.6666666666666667,65.82811340502849
1.675,66.11108239789743
1.6833333333333333,66.38356988220343
1.6916666666666667,66.66733990866223
1.7,66.95454802503717
1.7083333333333333,67.23182836765206
1.7166666666666666,67.50430623217667
1.7249999999999999,67.78519459263995
1.7333333333333334,68.0727461249392
1.7416666666666667,68.32741824620459
1.75,68.60881139203178
1.7583333333333333,68.88142210503457
1.7666666666666666,69.15220965374347
1.775,69.43940141653476
1.7833333333333332,69.7255814510375
1.7916666666666667,70.0123459039503
1.8,70.29305903555735
1.8083333333333333,70.56878567633518
1.8166666666666667,70.85488379759174
1.825,71.13878711831626
1.8333333333333333,71.43328977968058
1.8416666666666666,71.71121014295838
1.8499999999999999,71.99042376040892
1.8583333333333334,72.26941462033741
1.8666666666666667,72.55138369622755
1.875,72.83377171867195
1.8833333333333333,73.12685806363137
1.8916666666666666,73.42072182595834
1.9,73.71484484759812
1.9083333333333332,74.00002342341435
1.9166666666666667,74.28953919925524
1.925,74.57980953363801
1.9333333333333333,74.86445247881241
1.9416666666666667,75.15902015620225
1.95,75.4401416242056
1.9583333333333333,75.73583144216397
1.9666666666666666,76.01928762242649
1.9749999999999999,76.30177265344682
1.9833333333333334,76.59622388004148
1.9916666666666667,76.89552139001877
2.0,77.1917965418234
2.0083333333333333,77.47912807217315
2.0166666666666666,77.77402785064008
2.025,78.06852320403604
2.033333333333333,78.35887568449463
2.0416666666666665,78.6448209019262
2.05,78.94500329969911
2.058333333333333,79.23748926148143
2.0666666666666664,79.53509215089738
2.075,79.83517871107259
2.0833333333333335,80.11822159119362
2.091666666666667,80.41182087942353
2.1,80.69656209118064
2.1083333333333334,80.97148173247929
2.1166666666666667,81.25814949863206
2.125,81.54606580180618
2.1333333333333333,81.83110372011564
2.1416666666666666,82.10208138016156
2.15,82.37646691873697
2.158333333333333,82.66733988842542
2.1666666666666665,82.94704045227681
2.175,83.21104334910676
2.183333333333333,83.48790363160617
2.1916666666666664,83.76356496648674
2.2,84.04935615619401
2.2083333333333335,84.33563660044096
2.216666666666667,84.61653405699059
2.225,84.89951482138555
2.2333333333333334,85.17202405237087
2.2416666666666667,85.47291674598719
2.25,85.76792213180548
2.2583333333333333,86.0555150424002
2.2666666666666666,86.33729294623984
2.275,86.630330359246
2.283333333333333,86.9269488947129
2.2916666666666665,87.22429242323429
2.3,87.51178870023787
2.308333333333333,87.80533339956332
2.3166666666666664,88.0943555675801
2.325,88.38844367589145
2.3333333333333335,88.67379899735452
2.341666666666667,88.97259382733161
2.35,89.25714817661024
2.3583333333333334,89.53586317917637
2.3666666666666667,89.82318511566746
2.375,90.12378301186757
2.3833333333333333,90.41932324733466
2.3916666666666666,90.70079687144005
2.4,90.97644693945081
2.408333333333333,91.26930756816549
2.4166666666666665,91.56957615957155
2.425,91.86742711489731
2.433333333333333,92.17013347005972
2.4416666666666664,92.46010115177069
2.45,92.75599079612087
2.4583333333333335,93.06069403581354
2.466666666666667,93.35539705538525
2.475,93.65645733374724
2.4833333333333334,93.94637053503416
2.4916666666666667,94.23193894149861
2.5,94.52276811865147
2.5083333333333333,94.80802387170746
2.5166666666666666,95.0898794655764
2.525,95.36570688473334
2.533333333333333,95.64346330902418
2.5416666666666665,95.931941637479
2.55,96.21569128695083
2.558333333333333,96.4947116367358
2.5666666666666664,96.77305485652299
2.575,97.0534968118021
2.5833333333333335,97.34824557951308
2.591666666666667,97.63396673083334
2.6,97.90919956259994
2.6083333333333334,98.19623827662834
2.6166666666666667,98.47494044660888
2.625,98.74573176493638
2.6333333333333333,99.0230698730044
2.6416666666666666,99.29985736148659
2.65,99.58840549335562
2.658333333333333,99.8794420168313
2.6666666666666665,100.17278356668237
2.675,100.46336275258157
2.683333333333333,100.75426684470824
2.6916666666666664,101.03800294652693
2.7,101.32387360246895
2.7083333333333335,101.58787605497118
2.716666666666667,101.87920863241894
2.725,102.17884473693465
2.7333333333333334,102.45920679493423
2.7416666666666667,102.75044289447733
2.75,103.04310120603624
2.7583333333333333,103.34243659023402
2.7666666666666666,103.63562284078958
2.775,103.91357347305116
2.783333333333333,104.20603637628706
2.7916666666666665,104.48631045915332
2.8,104.7612999742086
2.808333333333333,105.05036785101836
2.8166666666666664,105.3407532056929
2.825,105.60189382885605
2.8333333333333335,105.89221602193115
2.841666666666667,106.15828995042254
2.85,106.44126936349844
2.8583333333333334,106.71833488706862
2.8666666666666667,107.00349642459517
2.875,107.27369210365346
2.8833333333333333,107.54768569574313
2.8916666666666666,107.82091680412881
2.9,108.10832306029471
2.908333333333333,108.36388344445189
2.9166666666666665,108.66723434031726
2.925,108.93445371533294
2.933333333333333,109.20929148759383
2.9416666666666664,109.51509625943088
2.95,109.78245878050565
2.9583333333333335,110.05957805397037
2.966666666666667,110.32579753033913
2.975,110.60246121094455
2.9833333333333334,110.8801670935487
2.9916666666666667,111.15589015295627
3.0,111.43416850348625
3.0083333333333333,111.70593718075222
3.0166666666666666,111.97722495557764
3.025,112.24688421207846
3.033333333333333,112.51995866135589
3.0416666666666665,112.79407596258892
3.05,113.08007003087737
3.058333333333333,113.348146672152
3.0666666666666664,113.62108557098605
3.075,113.87878297949828
3.0833333333333335,114.15170547890834
3.091666666666667,114.41342982300459
3.1,114.66923059366673
3.1083333333333334,114.9366086764191
3.1166666666666667,115.20355740540622
3.125,115.4817592486566
3.1333333333333333,115.75993596572066
3.1416666666666666,116.02898772606001
3.15,116.319383557032
3.158333333333333,116.5912388227082
3.1666666666666665,116.86982087047276
3.175,117.14357062952577
3.183333333333333,117.40900816133978
3.1916666666666664,117.67341041974268
3.2,117.94453677116776
3.2083333333333335,118.2074964540389
3.216666666666667,118.46712837250826
3.225,118.73599186929435
3.2333333333333334,119.01551029490861
3.2416666666666667,119.2799133797567
3.25,119.52942422109082
3.2583333333333333,119.80312639965852
3.2666666666666666,120.04666338435753
3.275,120.2978440467805
3.283333333333333,120.53765883058807
3.2916666666666665,120.7892030358171
3.3,121.03304892412545
3.308333333333333,121.29038731793972
3.3166666666666664,121.53767763006583
3.3249999999999997,121.79876556098255
3.3333333333333335,122.04531393112387
3.341666666666667,122.31138283746333
3.35,122.55646290928271
3.3583333333333334,122.80048261322825
3.3666666666666667,123.05939048582654
3.375,123.30904218253079
3.3833333333333333,123.57053342146274
3.3916666666666666,123.83398689832651
3.4,124.09092922222739
3.408333333333333,124.34479657048924
3.4166666666666665,124.61125361779932
3.425,124.87398834741477
3.433333333333333,125.12905985514108
3.4416666666666664,125.3890233123359
3.4499999999999997,125.65978545577458
3.4583333333333335,125.92921709051814
3.466666666666667,126.18255282789258
3.475,126.43352174718048
3.4833333333333334,126.70139081353051
3.4916666666666667,126.96213151533594
3.5,127.21114113456092
3.5083333333333333,127.47696913686733
3.5166666666666666,127.72546994876821
3.525,128.01406180646464
3.533333333333333,128.27101843600474
3.5416666666666665,128.56222587235854
3.55,128.82236887211582
3.558333333333333,129.08566987746096
3.5666666666666664,129.35360744326996
3.5749999999999997,129.61765314423425
3.5833333333333335,129.86561860122148
3.591666666666667,130.14246727940693
3.6,130.41181034067185
3.6083333333333334,130.66366963535484
3.6166666666666667,130.93108429067894
3.625,131.18542648247242
3.6333333333333333,131.43633714931104
3.6416666666666666,131.71858877875366
3.65,131.96499625005066
3.658333333333333,132.21348217568058
3.6666666666666665,132.4600500954327
3.675,132.7133285619205
3.683333333333333,132.9653944596375
3.6916666666666664,133.2093340906501
3.6999999999999997,133.4462768458185
3.7083333333333335,133.7121069357517
3.716666666666667,133.9703672202747
3.725,134.20750154328655
3.7333333333333334,134.47696967266648
3.7416666666666667,134.71748574554258
3.75,134.99369685995168
3.7583333333333333,135.25321701187784
3.7666666666666666,135.49385728945816
3.775,135.75483881190146
3.783333333333333,135.99841190510082
3.7916666666666665,136.27709119641202
3.8,136.5074422976026
3.808333333333333,136.7789616539593
3.8166666666666664,137.01331401535992
3.8249999999999997,137.2627963342041
3.8333333333333335,137.51361794870067
3.841666666666667,137.7548051818223
3.85,137.99836495941008
3.8583333333333334,138.2568246168874
3.8666666666666667,138.49787422735324
3.875,138.73286333663344
3.8833333333333333,138.98305968265288
3.8916666666666666,139.22731942361074
3.9,139.48624878915393
3.908333333333333,139.72123209678423
3.9166666666666665,139.96701334044553
3.925,140.19815474190648
3.933333333333333,140.43887900666294
3.9416666666666664,140.6644764765919
3.9499999999999997,140.9037191601627
3.9583333333333335,141.14079117440474
3.966666666666667,141.38825011708172
3.975,141.62550011767044
3.9833333333333334,141.8644635588904
3.9916666666666667,142.11582632407595
4.0,142.35551234562467
4.008333333333333,142.58890816151538
4.016666666666667,142.810619174247
4.025,143.0466450122691
4.033333333333333,143.28579592488748
4.041666666666667,143.50263977838696
4.05,143.74604200917182
4.058333333333334,143.97206687294883
4.066666666666666,144.21991843949175
4.075,144.45585229554422
4.083333333333333,144.6932077274267
4.091666666666667,144.9063643792186
4.1,145.11469998439512
4.108333333333333,145.34210594074182
4.116666666666666,145.55635032786557
4.125,145.77174853978286
4.133333333333333,145.98454118881492
4.141666666666667,146.2143569084767
4.15,146.4391742408592
4.158333333333333,146.67905087390102
4.166666666666667,146.9133615451689
4.175,147.16508956742462
4.183333333333334,147.43171906021652
4.191666666666666,147.68361422867937
4.2,147.93315747954264
4.208333333333333,148.1790672019339
4.216666666666667,148.41082337098206
4.225,148.65844429221448
4.233333333333333,148.91599416601204
4.241666666666666,149.13880926903641
4.25,149.36529938343392
4.258333333333333,149.57411167924283
4.266666666666667,149.79760624564383
4.275,150.02700505240952
4.283333333333333,150.24092881152933
4.291666666666667,150.46118562021914
4.3,150.65338880890397
4.308333333333334,150.8763857030747
4.316666666666666,151.10525887610783
4.325,151.3338780406159
4.333333333333333,151.56252984009052
4.341666666666667,151.77852903497362
4.35,151.97810942979825
4.358333333333333,152.1913754324602
4.366666666666666,152.39871513055004
4.375,152.59357848252336
4.383333333333333,152.8114498181139
4.391666666666667,153.02204288583084
4.4,153.2488628782736
4.408333333333333,153.45245567292116
4.416666666666667,153.66720312004242
4.425,153.8814951154097
4.433333333333334,154.1105544710844
4.441666666666666,154.3337339013934
4.45,154.55178783534848
4.458333333333333,154.77777853298073
4.466666666666667,154.96840065642905
4.475,155.18977174902574
4.483333333333333,155.4049746204324
4.491666666666666,155.62975263338183
4.5,155.83003201157507
4.508333333333333,156.04565251743446
4.516666666666667,156.25922620920997
4.525,156.46824305673047
4.533333333333333,156.67493049851387
4.541666666666667,156.8855017271888
4.55,157.08460386231172
4.558333333333334,157.26206941470204
4.566666666666666,157.51132509675483
4.575,157.72341916178027
4.583333333333333,157.92686773452783
4.591666666666667,158.15676747902745
4.6,158.36193656538572
4.608333333333333,158.56194493483844
4.616666666666666,158.75027890350208
4.625,158.95771057005317
4.633333333333333,159.1772892189711
4.641666666666667,159.36632515085017
4.65,159.53858751565178
4.658333333333333,159.76866965126453
4.666666666666667,159.96580968927285
4.675,160.14145415342566
4.683333333333334,160.35225678412652
4.691666666666666,160.5576088360143
4.7,160.75438682921737
4.708333333333333,160.94629410582462
4.716666666666667,161.1640269221059
4.725,161.36761331790743
4.733333333333333,161.55346633218448
4.741666666666666,161.71281586925784
4.75,161.9469285581674
4.758333333333333,162.12741576569056
4.766666666666667,162.29932000009217
4.775,162.49187853146987
4.783333333333333,162.6862562261002
4.791666666666667,162.8964803073289
4.8,163.08232712012466
4.808333333333334,163.2940806062238
4.816666666666666,163.477133864521
4.825,163.67273985485153
4.833333333333333,163.83415767080535
4.841666666666667,164.04531384926165
4.85,164.2325363910039
4.858333333333333,164.4120777022099
4.866666666666666,164.6089837643003
4.875,164.8329007452442
4.883333333333333,165.02503220078344
4.891666666666667,165.2058609597622
4.9,165.4221124292014
4.908333333333333,165.61703495317482
4.916666666666667,165.81407895916456
4.925,166.03683334952416
4.933333333333334,166.21151409002826
4.941666666666666,166.41046505080766
4.95,166.62095803198028
4.958333333333333,166.79890218458198
4.966666666666667,167.00916240235074
4.975,167.22218180753677
4.983333333333333,167.42549273824602
4.991666666666666,167.61747600397632
5.0,167.79751809623596
5.008333333333333,167.97727997335411
5.016666666666667,168.1857779731946
5.025,168.38264851935182
5.033333333333333,168.5642764705447
5.041666666666667,168.7806279273231
5.05,168.98255290933224
5.058333333333334,169.19647112174115
5.066666666666666,169.42936478896831
5.075,169.64302089374874
5.083333333333333,169.86805033677342
5.091666666666667,170.07195115901746
5.1,170.31743946879428
5.108333333333333,170.52640075622847
5.116666666666666,170.7204686541195
5.125,170.9369710960297
5.133333333333333,171.16282982792913
5.141666666666667,171.39168502323696
5.15,171.5901961355471
5.158333333333333,171.80650666916165
5.166666666666667,172.03313674839058
5.175,172.25655014535852
5.183333333333334,172.44460663142684
5.191666666666666,172.62430127596352
5.2,172.84933226447924
5.208333333333333,173.05492025515935
5.216666666666667,173.23467737093912
5.225,173.44606732530016
5.233333333333333,173.5919599050736
5.241666666666666,173.81740074662113
5.25,174.0096291090751
5.258333333333333,174.21722857041178
5.266666666666667,174.4554316535925
5.275,174.61637531367222
5.283333333333333,174.8071490018719
5.291666666666667,175.03630315087884
5.3,175.23101484112192
5.308333333333334,175.42318224516276
5.316666666666666,175.62588921485468
5.325,175.8451666712753
5.333333333333333,176.01489513274385
5.341666666666667,176.2114493934239
5.35,176.39165557866596
5.358333333333333,176.58640245732826
5.366666666666666,176.7746504475847
5.375,176.94094353832256
5.383333333333333,177.1377387893497
5.391666666666667,177.31034061989914
5.4,177.49778276299566
5.408333333333333,177.64660642969486
5.416666666666667,177.82672992187304
5.425,177.9897726399093
5.433333333333334,178.18799190625484
5.441666666666666,178.35803928789161
5.45,178.51883415417387
5.458333333333333,178.68962072166417
5.466666666666667,178.8273945796324
5.475,178.99958825081126
5.483333333333333,179.1497217504715
5.491666666666666,179.32770719103988
5.5,179.4940663762872
5.508333333333333,179.64681510251182
5.516666666666667,179.79551695706294
5.525,179.91459057135822
5.533333333333333,180.06432671794235
5.541666666666667,180.1724134373786
5.55,180.350685967497
5.558333333333334,180.50902584502342
5.566666666666666,180.64182231742004
5.575,180.78653677779894
5.583333333333333,180.90888660934874
5.591666666666667,181.05874275196737
5.6,181.232257353059
5.608333333333333,181.38554848978833
5.616666666666666,181.5446110146748
5.625,181.63690036219916
5.633333333333333,181.78735707689196
5.641666666666667,181.95940205802987
5.65,182.0618858029251
5.658333333333333,182.217937456868
5.666666666666667,182.34432356176973
5.675,182.51535884527905
5.683333333333334,182.66376454796531
5.691666666666666,182.77579469637067
5.7,182.9698743952636
5.708333333333333,183.06618698723818
5.716666666666667,183.17671637188798
5.725,183.27802365256755
5.733333333333333,183.39726632096205
5.741666666666666,183.50764408021467
5.75,183.6197033549188
5.758333333333333,183.72984481319625
5.766666666666667,183.857028648122
5.775,184.02467000349375
5.783333333333333,184.1680163016412
5.791666666666667,184.3311409137635
5.8,184.44439599895102
5.808333333333334,184.57135071624677
5.816666666666666,184.6818966423298
5.825,184.80436480535587
5.833333333333333,184.93355414332908
5.841666666666667,185.08943262170337
5.85,185.21219808020567
5.858333333333333,185.33880933977582
5.866666666666666,185.49083008021205
5.875,185.6237824482348
5.883333333333333,185.76569089752988
5.891666666666667,185.84623990543648
5.9,186.0110158507656
5.908333333333333,186.16836851350578
5.916666666666667,186.35829553086927
5.925,186.48926147717714
5.933333333333334,186.62761421025124
5.941666666666666,186.76650249959852
5.95,186.87173601200814
5.958333333333333,187.03855168530663
5.966666666666667,187.1896022989929
5.975,187.3329669389934
5.983333333333333,187.46056569310085
5.991666666666666,187.64796844923669
6.0,187.770912360099
6.008333333333333,187.9286439859461
6.016666666666667,188.07512602637007
6.025,188.18201121911213
6.033333333333333,188.3076885241716
6.041666666666667,188.43008762914505
6.05,188.58476679213607
6.058333333333334,188.73469700955744
6.066666666666666,188.86142969561314
6.075,189.0148099799132
6.083333333333333,189.17432544623088
6.091666666666667,189.31049972736412
6.1,189.47694729626656
6.108333333333333,189.63071174162442
6.116666666666666,189.8306224543713
6.125,190.002720199901
6.133333333333333,190.15606827390036
6.141666666666667,190.30766732027132
6.15,190.47661489553806
6.158333333333333,190.60985722523543
6.166666666666667,190.7646744723119
6.175,190.9220415013776
6.183333333333334,191.08002794303087
6.191666666666666,191.24334694551254
6.2,191.39679776573783
6.208333333333333,191.55263850439982
6.216666666666667,191.7470000882786
6.225,191.91851891283434
6.233333333333333,192.10395861088156
6.241666666666666,192.2471519649528
6.25,192.3942778029722
6.258333333333333,192.57551423894103
6.266666666666667,192.75093119072247
6.275,192.90787943330727
6.283333333333333,193.06605939451936
6.291666666666667,193.26252619370172
6.3,193.4407788809856
6.308333333333334,193.63376382649906
6.316666666666666,193.818503968686
6.325,193.95147276333066
6.333333333333333,194.13065495944107
6.341666666666667,194.30672729998827
6.35,194.52201818828533
6.358333333333333,194.71567628992707
6.366666666666666,194.88153551725372
6.375,195.07761620149697
6.383333333333333,195.27264650637247
6.391666666666667,195.44893763544937
6.4,195.6071207558752
6.408333333333333,195.77607299587157
6.416666666666667,195.93547660471245
6.425,196.07789728819841
6.433333333333334,196.26737745863926
6.441666666666666,196.43615364892216
6.45,196.6128486283743
6.458333333333333,196.76447117023946
6.466666666666667,196.9520731309737
6.475,197.12283448422835
6.483333333333333,197.28926180435028
6.491666666666666,197.43172259761172
6.5,197.62099427567244
6.508333333333333,197.8105862588976
6.516666666666667,197.9807661525935
6.5249999999999995,198.13827390975982
6.533333333333333,198.33265119742202
6.541666666666667,198.51200662012027
6.55,198.6401763409093
6.558333333333334,198.81088975298297
6.566666666666666,198.944393405138
6.575,199.12443572171696
6.583333333333333,199.26972941460372
6.591666666666667,199.4176527868024
6.6,199.58085019967572
6.608333333333333,199.7369520776844
6.616666666666666,199.87639534541717
6.625,200.0334081148683
6.633333333333333,200.16948542135995
6.641666666666667,200.3318933445929
6.6499999999999995,200.51551977991952
6.658333333333333,200.68051747156989
6.666666666666667,200.86062439634443
6.675,201.04769541471427
6.683333333333334,201.23037622363768
6.691666666666666,201.40797930227782
6.7,201.57737641433883
6.708333333333333,201.7655107722342
6.716666666666667,201.91768189805003
6.725,202.14094468826494
6.733333333333333,202.3064884386908
6.741666666666666,202.48618498248786
6.75,202.64913912925445
6.758333333333333,202.8233855558419
6.766666666666667,203.0130279747584
6.7749999999999995,203.1699131569574
6.783333333333333,203.30152557465664
6.791666666666667,203.45616652872604
6.8,203.6256842446542
6.808333333333334,203.80552561544982
6.816666666666666,203.9902557037172
6.825,204.1469596696853
6.833333333333333,204.3202723842323
6.841666666666667,204.482638344879
6.85,204.66490269302258
6.858333333333333,204.80033413116635
6.866666666666666,204.98799522982156
6.875,205.15853197167837
6.883333333333333,205.2848982463472
6.891666666666667,205.44725040373925
6.8999999999999995,205.675717524551
6.908333333333333,205.85034186518573
6.916666666666667,206.05051372673594
6.925,206.24714246736377
6.933333333333334,206.44700183430436
6.941666666666666,206.59385799074178
6.95,206.7628799851101
6.958333333333333,206.96432584031947
6.966666666666667,207.1368893368997
6.975,207.3119583429631
6.983333333333333,207.5024633962002
6.991666666666666,207.6273780116541
7.0,207.80264464327146
7.008333333333333,207.98773117609142
7.016666666666667,208.11859030062925
7.0249999999999995,208.28150130080047
7.033333333333333,208.47018174694657
7.041666666666667,208.5924650562424
7.05,208.7604017033491
7.058333333333334,208.9722260568444
7.066666666666666,209.15675017070546
7.075,209.37825415614537
7.083333333333333,209.58643904206673
7.091666666666667,209.71885983248748
7.1,209.87889746917986
7.108333333333333,210.0755138583526
7.116666666666666,210.29787536535508
7.125,210.44417964502884
7.133333333333333,210.57625655422123
7.141666666666667,210.75859954119653
7.1499999999999995,210.96121088468954
7.158333333333333,211.14812520565505
7.166666666666667,211.3075357993103
7.175,211.42461042847162
7.183333333333334,211.63593901658
7.191666666666666,211.87139959568663
7.2,212.06223308819037
7.208333333333333,212.1838026648152
7.216666666666667,212.32928981036682
7.225,212.51253612093973
7.233333333333333,212.66941168782236
7.241666666666666,212.83383510703194
7.25,213.024726552273
7.258333333333333,213.1697527526121
7.266666666666667,213.3321942786982
7.2749999999999995,213.48869897373623
7.283333333333333,213.6800970000161
7.291666666666667,213.87981418564513
7.3,214.04006353241382
7.308333333333334,214.18953327161591
7.316666666666666,214.3706972198564
7.325,214.54197804391305
7.333333333333333,214.70069761712304
7.341666666666667,214.88655435478165
7.35,215.07885459508975
7.358333333333333,215.2457963972839
7.366666666666666,215.38162371901925
7.375,215.56856895563035
7.383333333333333,215.73623095039918
7.391666666666667,215.89047692611226
7.3999999999999995,216.02997289689378
7.408333333333333,216.16735577215866
7.416666666666667,216.3798164736796
7.425,216.58284365907534
7.433333333333334,216.73850046830043
7.441666666666666,216.88592416170255
7.45,217.07624449157325
7.458333333333333,217.253746206563
7.466666666666667,217.43577959626998
7.475,217.63317827964042
7.483333333333333,217.77820379921414
7.491666666666666,217.97044033765528
7.5,218.10822574517138
7.508333333333333,218.27605241347223
7.516666666666667,218.45077960677858
7.5249999999999995,218.6191383219039
7.533333333333333,218.76454589812056
7.541666666666667,218.91398495468485
7.55,219.04054439546852
7.558333333333334,219.24374745731842
7.566666666666666,219.4180270102603
7.575,219.60080883607975
7.583333333333333,219.75574412189818
7.591666666666667,219.96335767005337
7.6,220.16065446987955
7.608333333333333,220.27158108862565
7.616666666666666,220.46199841997372
7.625,220.6259147992988
7.633333333333333,220.78440128103276
7.641666666666667,220.94298218331576
7.6499999999999995,221.10747860866803
7.658333333333333,221.29795318127384
7.666666666666667,221.4490537081532
7.675,221.61019743410594
7.683333333333334,221.75824345534085
7.691666666666666,221.9456492865473
7.7,222.09731249366482
7.708333333333333,222.23800210789625
7.716666666666667,222.4266037425847
7.725,222.66224289319155
7.733333333333333,222.75631702886315
7.741666666666666,222.9632403572651
7.75,223.07916461675757
7.758333333333333,223.31972247602795
7.766666666666667,223.48476540929357
7.7749999999999995,223.62214174845172
7.783333333333333,223.8033567011462
7.791666666666667,224.00213360560682
7.8,224.1471267213184
7.808333333333334,224.31704505802202
7.816666666666666,224.49416597566082
7.825,224.68579493663563
7.833333333333333,224.89494193729172
7.841666666666667,225.07978748266757
7.85,225.33168580701425
7.858333333333333,225.55620852519488
7.866666666666666,225.76954471053088
7.875,226.0011272709806
7.883333333333333,226.19602765912194
7.891666666666667,226.4152413246422
7.8999999999999995,226.62598146908476
7.908333333333333,226.88042047913228
7.916666666666667,227.09325211442277
7.925,227.32070262791402
7.933333333333334,227.52103699951235
7.941666666666666,227.74052709901008
7.95,227.91039003214024
7.958333333333333,228.10282880589332
7.966666666666667,228.34484421796418
7.975,228.57530258198608
7.983333333333333,228.8317021747033
7.991666666666666,229.0508618787698
8.0,229.21144217942438
8.008333333333333,229.43763587102382
8.016666666666666,229.71023903352898
8.025,229.91966853871898
8.033333333333333,230.13146138809756
8.041666666666666,230.389172684635
8.05,230.55021607943812
8.058333333333334,230.7142313466124
8.066666666666666,230.94257706152516
8.075,231.15787356960763
8.083333333333334,231.40509198224171
8.091666666666667,231.58256781852938
8.1,231.7706640286433
8.108333333333333,231.9139198955419
8.116666666666667,232.11899212124752
8.125,232.25796920810538
8.133333333333333,232.4781931609738
8.141666666666666,232.64094970105413
8.15,232.82310218766426
8.158333333333333,233.01049740840455
8.166666666666666,233.20988537035052
8.175,233.34693181115622
8.183333333333334,233.5276879246576
8.191666666666666,233.6666272191542
8.2,233.90454430061973
8.208333333333334,234.06267022742696
8.216666666666667,234.2741537071474
8.225,234.41382100320112
8.233333333333333,234.57474931994287
8.241666666666667,234.75394272321034
8.25,234.93815150132002
8.258333333333333,235.11775898075615
8.266666666666666,235.27935252013873
8.275,235.42458732785872
8.283333333333333,235.5884316453633
8.291666666666666,235.71658225583218
8.3,235.8209035214808
8.308333333333334,235.94893556756506
8.316666666666666,236.1029062709793
8.325,236.19330151574658
8.333333333333334,236.3036369673208
8.341666666666667,236.4313075862826
8.35,236.55519674995531
8.358333333333333,236.65044122457272
8.366666666666667,236.77937884064448
8.375,236.87306610969264
8.383333333333333,237.0152060267827
8.391666666666666,237.11491261207536
8.4,237.2328793750143
8.408333333333333,237.38576264479073
8.416666666666666,237.54209132923182
8.425,237.66118518593737
8.433333333333334,237.71324198600297
8.441666666666666,237.85893004930514
8.45,237.9451852768423
8.458333333333334,238.04370129081377
8.466666666666667,238.17980089156129
8.475,238.257359807113
8.483333333333333,238.36979502264978
8.491666666666667,238.46924092747815
8.5,238.55236803607716
8.508333333333333,238.63050696748778
8.516666666666666,238.73975060138716
8.525,238.86759192157402
8.533333333333333,238.9694179563973
8.541666666666666,239.03035250484314
8.55,239.1784927998797
8.558333333333334,239.2563879964921
8.566666666666666,239.33752698324878
8.575,239.46751408452315
8.583333333333334,239.6296895768479
8.591666666666667,239.67810698691082
8.6,239.74226366995157
8.608333333333333,239.90933938155624
8.616666666666667,239.92084237819765
8.625,240.0070168428599
8.633333333333333,240.0950804537558
8.641666666666666,240.15515346754808
8.65,240.1965803559843
8.658333333333333,240.27963860009262
8.666666666666666,240.39920348374733
8.675,240.48663295620614
8.683333333333334,240.52072651872479
8.691666666666666,240.58586127460455
8.7,240.72634057949526
8.708333333333334,240.87254878096365
8.716666666666667,240.92931273422494
8.725,240.89965736922957
8.733333333333333,241.05666665893875
8.741666666666667,241.21392556662133
8.75,241.24856980278494
8.758333333333333,241.31144519567343
8.766666666666666,241.33833415347885
8.775,241.5247017853559
8.783333333333333,241.66076184130483
8.791666666666666,241.6885230881498
8.8,241.78230355933653
8.808333333333334,241.86823790254687
8.816666666666666,241.9547036718338
8.825,242.03109971766096
8.833333333333334,242.12908472116604
8.841666666666667,242.20476469037894
8.85,242.33819931567257
8.858333333333333,242.45631103142227
8.866666666666667,242.54106360071643
8.875,242.6400294467035
8.883333333333333,242.7560356979028
8.891666666666666,242.8803191582481
8.9,243.01512945621286
8.908333333333333,243.1807715543683
8.916666666666666,243.32633101933902
8.925,243.46895764374077
8.933333333333334,243.6199464445695
8.941666666666666,243.73526320101865
8.95,243.82992833625303
8.958333333333334,244.04883196411848
8.966666666666667,244.14094347144177
8.975,244.21634628576433
8.983333333333333,244.34260852383952
8.991666666666667,244.41239754285772
9.0,244.48226104279294
9.008333333333333,244.53655074187003
9.016666666666666,244.603149509302
9.025,244.70937748933017
9.033333333333333,244.82169430789466
9.041666666666666,244.93043002842845
9.05,245.0091735697151
9.058333333333334,245.0957316655368
9.066666666666666,245.2261162983924
9.075,245.32557033043673
9.083333333333334,245.47598941508258
9.091666666666667,245.5501397759953
9.1,245.62094299030102
9.108333333333333,245.75608847940285
9.116666666666667,245.83593854858827
9.125,245.9525074330033
9.133333333333333,246.01773460262865
9.141666666666666,246.22566879694534
9.15,246.33373040914162
9.158333333333333,246.40551000136446
9.166666666666666,246.53731736712126
9.175,246.56961520412153
9.183333333333334,246.6474506647607
9.191666666666666,246.6995800267429
9.2,246.81451696764267
9.208333333333334,246.92606662079956
9.216666666666667,246.97873607166534
9.225,247.07931811939812
9.233333333333333,247.18822828197293
9.241666666666667,247.35547137972253
9.25,247.3994859678072
9.258333333333333,247.50755692857467
9.266666666666666,247.5711059568046
9.275,247.61900384273937
9.283333333333333,247.74807506310384
9.291666666666666,247.86528679212896
9.3,247.89669180969037
9.308333333333334,247.99355091629937
9.316666666666666,248.14197640635288
9.325,248.22348684451578
9.333333333333334,248.36139733340696
9.341666666666667,248.47429905978447
9.35,248.6643779096574
9.358333333333333,248.74465925330625
9.366666666666667,248.8507430225762
9.375,249.02701406333497
9.383333333333333,249.02625280548244
9.391666666666666,249.21358333695943
9.4,249.3633310483884
9.408333333333333,249.45201538498924
9.416666666666666,249.66274382077333
9.425,249.76092302865538
9.433333333333334,249.8812145226804
9.441666666666666,250.10000582896464
9.45,250.24797116175145
9.458333333333334,250.40349442156028
9.466666666666667,250.61571126168636
9.475,250.78142050558068
9.483333333333333,250.92627038744652
9.491666666666667,251.06181843129508
9.5,251.1579173498896
9.508333333333333,251.32982661095232
9.516666666666666,251.48775121065387
9.525,251.65230984147667
9.533333333333333,251.78771568978564
9.541666666666666,252.01593304080563
9.55,252.18656695797668
9.558333333333334,252.37003116008393
9.566666666666666,252.50914877336282
9.575,252.6201016478843
9.583333333333334,252.79137696289902
9.591666666666667,252.94556056288687
9.6,253.13350355030042
9.608333333333333,253.32821021601353
9.616666666666667,253.5371219900194
9.625,253.65258392277642
9.633333333333333,253.79028809908647
9.641666666666666,253.94043062485503
9.65,254.07935619990792
9.658333333333333,254.1962135493647
9.666666666666666,254.3056050320474
9.675,254.48147421499917
9.683333333333334,254.6406934537131
9.691666666666666,254.8434532840611
9.7,254.98704142958653
9.708333333333334,255.15054696509384
9.716666666666667,255.33786785230055
9.725,255.4509846942025
9.733333333333333,255.59760848117227
9.741666666666667,255.77818192034357
9.75,255.87287913747818
9.758333333333333,256.17385838939424
9.766666666666666,256.39900370760427
9.775,256.65463858070973
9.783333333333333,256.90215952268903
9.791666666666666,257.08896034181805
9.8,257.277294079862
9.808333333333334,257.42559237893033
9.816666666666666,257.59136442807466
9.825,257.76342006483964
9.833333333333334,257.9283931833661
9.841666666666667,258.0894567940267
9.85,258.263331463349
9.858333333333333,258.41639479975623
9.866666666666667,258.5602792132218
9.875,258.8252241629389
9.883333333333333,259.0058078318884
9.891666666666666,259.1821018624271
9.9,259.34632500668744
9.908333333333333,259.54542914049443
9.916666666666666,259.7355709484241
9.925,259.85690432022784
9.933333333333334,260.0498758851002
9.941666666666666,260.2301468350397
9.95,260.42106903377197
9.958333333333334,260.64850687899997
9.966666666666667,260.81712589256165
9.975,260.9811300520694
9.983333333333333,261.18386057115794
9.991666666666667,261.3893680250712
10.0,261.5686382874438
10.008333333333333,261.7998889767021
10.016666666666666,261.9534404864572
10.025,262.12991187888605
10.033333333333333,262.3451241528961
10.041666666666666,262.5259568603469
10.05,262.7299177247903
10.058333333333334,262.92561643260586
10.066666666666666,263.1389419372507
10.075,263.32385192514505
10.083333333333334,263.5501183616269
10.091666666666667,263.7475627710162
10.1,263.92958012840813
10.108333333333333,264.1705578576535
10.116666666666667,264.34504877533374
10.125,264.4351464180721
10.133333333333333,264.61002793102256
10.141666666666666,264.82217246632985
10.15,265.0194832946033
10.158333333333333,265.2064212931838
10.166666666666666,265.37343488891895
10.175,265.56214620191525
10.183333333333334,265.7390449277981
10.191666666666666,265.90776904164983
10.2,266.025423986245
10.208333333333334,266.17928262257783
10.216666666666667,266.3575176463532
10.225,266.49561619567544
10.233333333333333,266.68603978205766
10.241666666666667,266.8459508029138
10.25,267.0063888256105
10.258333333333333,267.21671774299966
10.266666666666666,267.41258807034507
10.275,267.5855458606005
10.283333333333333,267.79865957138975
10.291666666666666,268.00691430725436
10.3,268.1520340934212
10.308333333333334,268.35483897548465
10.316666666666666,268.56121871826144
10.325,268.78583577167325
10.333333333333334,268.94722897072904
10.341666666666667,269.2032641761849
10.35,269.37268191708966
10.358333333333333,269.53276578937215
10.366666666666667,269.72916026445904
10.375,269.87792496082795
10.383333333333333,270.02139980325205
10.391666666666666,270.1719593588328
10.4,270.2673950099418
10.408333333333333,270.4731011184953
10.416666666666666,270.63111628440424
10.425,270.8236411778727
10.433333333333334,270.84834973197417
10.441666666666666,270.91922487745455
10.45,271.06497152503863
10.458333333333334,271.17596337522275
10.466666666666667,271.20562261932025
10.475,271.2834572444123
10.483333333333333,271.49789431937734
10.491666666666667,271.459592435242
10.5,271.59734274918475
10.508333333333333,271.7380689481292
10.516666666666666,271.7962283413944
10.525,271.79642855488675
10.533333333333333,271.87175126980463
10.541666666666666,271.84772578683675
10.55,271.9749561909039
10.558333333333334,272.0548074853971
10.566666666666666,272.08668623757836
10.575,272.11494172520975
10.583333333333334,272.2017324651563
10.591666666666667,272.1865016554731
10.6,272.2729105520075
10.608333333333333,272.2627028211154
10.616666666666667,272.282462606964
10.625,272.4069531755442
10.633333333333333,272.65642296021826
10.641666666666666,272.73759399125686
10.65,272.80400803101696
10.658333333333333,272.936172856758
10.666666666666666,272.94922614387707
10.675,273.0217669670586
10.683333333333334,273.01895666414975
10.691666666666666,273.1084903515551
10.7,273.0937006634134
10.708333333333334,273.2755800826421
10.716666666666667,273.29937942051447
10.725,273.47313767389164
10.733333333333333,273.46303488609453
10.741666666666667,273.62535525568904
10.75,273.7499654756117
10.758333333333333,273.8360411381947
10.766666666666666,273.92624723716386
10.775,273.92749179065675
10.783333333333333,274.08185736710703
10.791666666666666,274.20939622913176
10.8,274.1727374425859
10.808333333333334,274.2579426497023
10.816666666666666,274.3464335793225
10.825,274.35153862165606
10.833333333333334,274.3270406437328
10.841666666666667,274.4381694817367
10.85,274.4765318742199
10.858333333333333,274.64482672300306
10.866666666666667,274.7143191875411
10.875,274.75738304308857
10.883333333333333,274.8644954495104
10.891666666666666,275.04565585270404
10.9,275.14068760725075
10.908333333333333,275.3411863302525
10.916666666666666,275.28485958582155
10.925,275.51332802837544
10.933333333333334,275.64535971769
10.941666666666666,275.89675889471306
10.95,276.03517624981515
10.958333333333334,276.1987102832206
10.966666666666667,276.16694518894553
10.975,276.3951982518829
10.983333333333333,276.51390605193177
10.991666666666667,276.48066446794513
11.0,276.529722570959
11.008333333333333,276.702837441863
11.016666666666666,276.82349624736787
11.025,276.96956346319433
11.033333333333333,277.1528893697319
11.041666666666666,277.25412231273464
11.05,277.46653689960334
11.058333333333334,277.5020912612978
11.066666666666666,277.6380795444216
11.075,277.68586517098174
11.083333333333334,277.8162844065621
11.091666666666667,277.93607266187485
11.1,278.050032588222
11.108333333333333,278.14326824231523
11.116666666666667,278.27736147952606
11.125,278.37010852842803
11.133333333333333,278.47835073026505
11.141666666666666,278.6174427636495
11.15,278.76801563367576
11.158333333333333,278.8996785150898
11.166666666666666,279.0643073875539
11.175,279.2133894969266
11.183333333333334,279.35349202468154
11.191666666666666,279.49877137615425
11.2,279.668221941206
11.208333333333334,279.7727658845039
11.216666666666667,279.9238470302478
11.225,280.0742361620527
11.233333333333333,280.23315829542855
11.241666666666667,280.42480877278086
11.25,280.5362687239302
11.258333333333333,280.7022628396712
11.266666666666666,280.85315945159317
11.275,281.01414011073075
11.283333333333333,281.1946578606557
11.291666666666666,281.369259254357
11.3,281.62521502255225
11.308333333333334,281.79795324376533
11.316666666666666,282.0588795558947
11.325,282.29739420932725
11.333333333333334,282.56401939480435
11.341666666666667,282.7581667759234
11.35,282.9824792643347
11.358333333333333,283.1862640786628
11.366666666666667,283.34916219988236
11.375,283.53393887270613
11.383333333333333,283.69985983942354
11.391666666666666,283.9296944656151
11.4,284.14835548907286
11.408333333333333,284.4082613408115
11.416666666666666,284.6308227233986
11.425,284.8579622295868
11.433333333333334,285.088427950314
11.441666666666666,285.3324125219766
11.45,285.60387543639973
11.458333333333334,285.86244180222997
11.466666666666667,286.1303249735096
11.475,286.38962567033707
11.483333333333333,286.54514602118087
11.491666666666667,286.81630043123107
11.5,287.0285145551704
11.508333333333333,287.2122903165162
11.516666666666666,287.36790063416066
11.525,287.6157927615906
11.533333333333333,287.87712552276605
11.541666666666666,288.1430305129719
11.55,288.32864826165036
11.558333333333334,288.59865556772627
11.566666666666666,288.8227321396239
11.575,289.063044615618
11.583333333333334,289.29474283906876
11.591666666666667,289.52957203577614
11.6,289.7796392896531
11.608333333333333,289.9727612791573
11.616666666666667,290.1595054881525
11.625,290.43428660700073
11.633333333333333,290.56508098308734
11.641666666666666,290.83419656018646
11.65,291.00932422344613
11.658333333333333,291.16650753613845
11.666666666666666,291.306742313317
11.675,291.50790688901174
11.683333333333334,291.68602559326087
11.691666666666666,291.8732845115657
11.7,292.05450117317497
11.708333333333334,292.2636927914513
11.716666666666667,292.4062943208347
11.725,292.5427392577207
11.733333333333333,292.70893705168
11.741666666666667,292.87376714956844
11.75,292.9880231901586
11.758333333333333,293.2315170102587
11.766666666666666,293.4076382822594
11.775,293.5752087120036
11.783333333333333,293.7209857334947
11.791666666666666,293.7691661963033
11.8,293.9778873635442
11.808333333333334,294.0871365522657
11.816666666666666,294.26531125835737
11.825,294.33579927610015
11.833333333333334,294.58449038182454
11.841666666666667,294.6716919429782
11.85,294.78863915202766
11.858333333333333,294.9705039838386
11.866666666666667,295.1639135290367
11.875,295.26632889031833
11.883333333333333,295.41126721878
11.891666666666666,295.50060346546144
11.9,295.5420398940967
11.908333333333333,295.65700767167147
11.916666666666666,295.7418654276187
11.925,295.86653807005746
11.933333333333334,296.04425392994375
11.941666666666666,296.1732557422204
11.95,296.2146967960981
11.958333333333334,296.29756284931034
11.966666666666667,296.4359936482092
11.975,296.5587384518345
11.983333333333333,296.68125382344294
11.991666666666667,296.73528143882294
12.0,296.88716803033117
12.008333333333333,297.0162513497112
12.016666666666666,297.21048567337624
12.025,297.2920976769734
12.033333333333333,297.4337595334202
12.041666666666666,297.5898147437169
12.05,297.7774524057875
12.058333333333334,297.98407260082007
12.066666666666666,298.10514069982116
12.075,298.36625335285186
12.083333333333334,298.6013238574207
12.091666666666667,298.7536982374711
12.1,298.84363093388794
12.108333333333333,298.8751608541265
12.116666666666667,299.0382605528097
12.125,299.10949512397815
12.133333333333333,299.24135332368905
12.141666666666666,299.36108924574285
12.15,299.44469490496203
12.158333333333333,299.4406426457183
12.166666666666666,299.4958471247516
12.175,299.6650664065958
12.183333333333334,299.78679730121655
12.191666666666666,299.8603337567646
12.2,299.95185419766756
12.208333333333334,300.2558174025892
12.216666666666667,300.3746002392101
12.225,300.68113863160266
12.233333333333333,300.8802612374674
12.241666666666667,300.99854531823354
12.25,301.2689618223864
12.258333333333333,301.5171316331254
12.266666666666666,301.7398132789576
12.275,301.94587374691656
12.283333333333333,302.1166586362258
12.291666666666666,302.2972180807235
12.3,302.59456300504854
12.308333333333334,302.70566354990325
12.316666666666666,302.92594864712873
12.325,303.2133920553114
12.333333333333334,303.3709929962499
12.341666666666667,303.6435878550527
12.35,303.83147579895024
12.358333333333333,304.13203240905125
12.366666666666667,304.36824747902807
12.375,304.64282802141486
12.383333333333333,304.88020613458866
12.391666666666666,305.1919976073297
12.4,305.36950774179905
12.408333333333333,305.59317437068836
12.416666666666666,305.76783681062136
12.425,306.0127312050237
12.433333333333334,306.2693765264006
12.441666666666666,306.55103230324954
12.45,306.7656202585264
12.458333333333334,306.8723705248802
12.466666666666667,307.0879321137533
12.475,307.26180649572075
12.483333333333333,307.5005207766068
12.491666666666667,307.6970678460975
12.5,307.90619423502596
12.508333333333333,308.05680979934596
12.516666666666666,308.209908787289
12.525,308.3687386441537
12.533333333333333,308.5414348620348
12.541666666666666,308.8365059286428
12.55,309.04027141137493
12.558333333333334,309.2060649524814
12.566666666666666,309.4978646115448
12.575,309.7272663821982
12.583333333333334,309.85985249202304
12.591666666666667,310.02595116389466
12.6,310.2846555564663
12.608333333333333,310.49012507888204
12.616666666666667,310.7303206203871
12.625,310.9944020723021
12.633333333333333,311.2887142782292
12.641666666666666,311.5474209271466
12.65,311.7173544033902
12.658333333333333,311.98779787542213
12.666666666666666,312.1917539236954
12.675,312.52275067630933
12.683333333333334,312.80202830321275
12.691666666666666,313.08125679977064
12.7,313.4565452827252
12.708333333333334,313.6480723330595
12.716666666666667,314.00144206925177
12.725,314.26077678814556
12.733333333333333,314.59373876641763
12.741666666666667,314.86110310660206
12.75,315.2160139669831
12.758333333333333,315.4350607144033
12.766666666666666,315.6448428171101
12.775,315.9769261434771
12.783333333333333,316.15877249524857
12.791666666666666,316.42985535358287
12.8,316.6160128521957
12.808333333333334,316.9202339508986
12.816666666666666,317.1029367502663
12.825,317.37967838766457
12.833333333333334,317.61337231842384
12.841666666666667,317.93349654000247
12.85,318.1978743318063
12.858333333333333,318.4740888578346
12.866666666666667,318.6369160307
12.875,318.85412774078713
12.883333333333333,319.06010543973326
12.891666666666666,319.28397801442037
12.9,319.57628124697953
12.908333333333333,319.7207134519307
12.916666666666666,319.9658357210503
12.924999999999999,320.02808290999195
12.933333333333334,320.30888983189897
12.941666666666666,320.53792224252396
12.95,320.7551552126892
12.958333333333334,320.95128521871027
12.966666666666667,321.1526909751486
12.975,321.3989763133547
12.983333333333333,321.619667297626
12.991666666666667,321.808988846814
13.0,322.0556002183402
13.008333333333333,322.2380506022483
13.016666666666666,322.4043400048462
13.025,322.611571689981
13.033333333333333,322.7929530277214
13.041666666666666,322.99737287865463
13.049999999999999,323.2507955266767
13.058333333333334,323.50021493288517
13.066666666666666,323.7495552088468
13.075,324.05199032359775
13.083333333333334,324.33923217788515
13.091666666666667,324.6438420332075
13.1,324.84884519617856
13.108333333333333,325.1231039610684
13.116666666666667,325.37363927063643
13.125,325.5940583727385
13.133333333333333,325.8118762902324
13.141666666666666,326.06420134143474
13.15,326.23562723168294
13.158333333333333,326.5132038125849
13.166666666666666,326.7265413390802
13.174999999999999,327.06998349874965
13.183333333333334,327.14870661250836
13.191666666666666,327.34037990244207
13.2,327.5941837565906
13.208333333333334,327.8865970950444
13.216666666666667,328.1223008012447
13.225,328.3593059250359
13.233333333333333,328.62138102462217
13.241666666666667,328.85056709265876
13.25,329.1926267292913
13.258333333333333,329.4659695998187
13.266666666666666,329.6562633325825
13.275,329.9411998291502
13.283333333333333,330.19578874529697
13.291666666666666,330.42161269184953
13.299999999999999,330.710109758228
13.308333333333334,330.92548270486805
13.316666666666666,331.14877599834443
13.325,331.3464633691428
13.333333333333334,331.57414594090733
13.341666666666667,331.8245859054388
13.35,332.12296826377775
13.358333333333333,332.46019721847824
13.366666666666667,332.68207273758173
13.375,332.91807881247377
13.383333333333333,333.1407513548756
13.391666666666666,333.3390924950448
13.4,333.6294030752904
13.408333333333333,333.8029402154023
13.416666666666666,334.09406504138263
13.424999999999999,334.4673418966513
13.433333333333334,334.6087316748891
13.441666666666666,334.91432415689087
13.45,335.23007045105237
13.458333333333334,335.50423681822645
13.466666666666667,335.64512443022693
13.475,336.1035029963395
13.483333333333333,336.34869054899184
13.491666666666667,336.7354635264211
13.5,337.16569783505236
13.508333333333333,337.3964632779477
13.516666666666666,337.64380824404793
13.525,337.98077554517965
13.533333333333333,338.2322316219984
13.541666666666666,338.3819497319549
13.549999999999999,338.6180780406008
13.558333333333334,338.99421357160765
13.566666666666666,339.3521548180889
13.575,339.5991060613419
13.583333333333334,339.9457994953532
13.591666666666667,340.2543365681713
13.6,340.58718428585985
13.608333333333333,340.8709184569236
13.616666666666667,341.2385786381055
13.625,341.5062591832237
13.633333333333333,341.7703056277378
13.641666666666666,342.0430465430341
13.65,342.3495364220791
13.658333333333333,342.66932847118954
13.666666666666666,342.9191080197036
13.674999999999999,343.2585025395258
13.683333333333334,343.57369824696764
13.691666666666666,343.9082869490497
13.7,344.199437293042
13.708333333333334,344.4848095524416
13.716666666666667,344.7455151804538
13.725,345.1339937885427
13.733333333333333,345.3581575896023
13.741666666666667,345.57081065939656
13.75,345.9449035433139
13.758333333333333,346.29852924571065
13.766666666666666,346.5774946871724
13.775,346.9297069762043
13.783333333333333,347.29217295248407
13.791666666666666,347.5146290977227
13.799999999999999,348.015465435318
13.808333333333334,348.43416417557114
13.816666666666666,348.81777548708106
13.825,349.2472028871255
13.833333333333334,349.66523456413785
13.841666666666667,350.0812235858627
13.85,350.5204006872116
13.858333333333333,350.9797125672708
13.866666666666667,351.45342108355226
13.875,351.90253510990857
13.883333333333333,352.39820224986426
13.891666666666666,352.89243252007776
13.9,353.2806918300454
13.908333333333333,353.6464546827136
13.916666666666666,354.0392930720874
13.924999999999999,354.51022461316626
13.933333333333334,354.8952617992535
13.941666666666666,355.3200659678179
13.95,355.73661045284985
13.958333333333334,356.1933012469829
13.966666666666667,356.69050106512134
13.975,357.15684385024025
13.983333333333333,357.6579219925481
13.991666666666667,358.06460551761404
14.0,358.5290326224927
14.008333333333333,359.00715940393275
14.016666666666666,359.41292120618306
14.025,359.8211138607484
14.033333333333333,360.2424417738754
14.041666666666666,360.7446545444713
14.049999999999999,361.21565694513
14.058333333333334,361.7609561740033
14.066666666666666,362.1920918217281
14.075,362.62064615531517
14.083333333333334,363.0180730389857
14.091666666666667,363.31634437451316
14.1,363.624887064603
14.108333333333333,363.9772300172654
14.116666666666667,364.1035108974851
14.125,364.42228805239773
14.133333333333333,364.8474018892233
14.141666666666666,365.2539906122609
14.15,365.519539674096
14.158333333333333,366.05287782275315
14.166666666666666,366.4381677238654
14.174999999999999,366.8720286357659
14.183333333333334,367.4094567318471
14.191666666666666,367.78929806750614
14.2,368.20684974027984
14.208333333333334,368.72738979562047
14.216666666666667,369.2500021844461
14.225,369.7752697333792
14.233333333333333,370.03779029952983
14.241666666666667,370.58709287618615
14.25,371.01875486563875
14.258333333333333,371.45271730427515
14.266666666666666,371.8755640252367
14.275,372.2903799829623
14.283333333333333,372.79043283480274
14.291666666666666,373.16224642216946
14.299999999999999,373.5198473120319
14.308333333333334,373.87933264668345
14.316666666666666,374.2638070270188
14.325,374.623494481799
14.333333333333334,374.9463312995277
14.341666666666667,375.3187138966409
14.35,375.6285330370993
14.358333333333333,375.9797650130651
14.366666666666667,376.37043293733683
14.375,376.6430345252142
14.383333333333333,376.96480637179576
14.391666666666666,377.3695416786071
14.4,377.78324227499166
14.408333333333333,378.15363515553724
14.416666666666666,378.4650960393759
14.424999999999999,378.80747333784797
14.433333333333334,379.07840360508226
14.441666666666666,379.449567334861
14.45,379.7868135802057
14.458333333333334,380.00245958857863
14.466666666666667,380.35503111513145
14.475,380.7696580334763
14.483333333333333,381.1280670180606
14.491666666666667,381.41473168741277
14.5,381.73942749349317
14.508333333333333,382.2509284274945
14.516666666666666,382.6961800066257
14.525,383.1581479780062
14.533333333333333,383.5426541649645
14.541666666666666,383.93786935489595
14.549999999999999,384.3377554729402
14.558333333333334,384.72839837094335
14.566666666666666,385.037528078151
14.575,385.4482306292282
14.583333333333334,385.8980269516278
14.591666666666667,386.40877621465063
14.6,386.7932216732892
14.608333333333333,387.2993252094856
14.616666666666667,387.76066201494297
14.625,388.1503085580818
14.633333333333333,388.6227644001678
14.641666666666666,389.0274567388715
14.65,389.4292597816251
14.658333333333333,389.9166009471794
14.666666666666666,390.33451722791716
14.674999999999999,390.7019082477722
14.683333333333334,391.16323043143103
14.691666666666666,391.5975568444791
14.7,392.06033667093715
14.708333333333334,392.4595042563379
14.716666666666667,392.82432985624723
14.725,393.33355119520763
14.733333333333333,393.7730046938888
14.741666666666667,394.17687841152605
14.75,394.6393747212655
14.758333333333333,395.089383120038
14.766666666666666,395.5196869602223
14.775,395.9703947485027
14.783333333333333,396.3739539777888
14.791666666666666,396.9574526140563
14.799999999999999,397.3527089423029
14.808333333333334,397.7516180933353
14.816666666666666,398.17747037718266
14.825,398.63826264977763
14.833333333333334,399.0900354548944
14.841666666666667,399.5686138797638
14.85,400.01233162526944
14.858333333333333,400.41323660459943
14.866666666666667,400.7585146453942
14.875,401.35736174227327
14.883333333333333,401.9372644507025
14.891666666666666,402.6333768660035
14.9,403.12968312663253
14.908333333333333,403.78830632000734
14.916666666666666,404.33981329273513
14.924999999999999,404.8275011781093
14.933333333333334,405.22041920424886
14.941666666666666,405.74849091588675
14.95,406.4781428020688
14.958333333333334,406.9134798567547
14.966666666666667,407.31034776954385
14.975,407.83395786272536
14.983333333333333,408.48213479790195
14.991666666666667,409.01678460856004
15.0,409.61137643920006
15.008333333333333,410.29717609317714
15.016666666666666,410.737958291614
15.025,411.6069820277755
15.033333333333333,412.0315726026788
15.041666666666666,412.75278797413966
15.049999999999999,413.0237064590273
15.058333333333334,413.74601607434107
15.066666666666666,414.3045860375812
15.075,414.94683579398645
15.083333333333334,415.53068353601975
15.091666666666667,416.1725095482856
15.1,416.6434517186876
15.108333333333333,417.2082545172066
15.116666666666667,417.7737488523751
15.125,418.22581112319295
15.133333333333333,418.9319549455333
15.141666666666666,419.3368832649689
15.15,419.9605291339987
15.158333333333333,420.66260609170735
15.166666666666666,421.2761181282275
15.174999999999999,421.77543393411344
15.183333333333334,422.2923924234107
15.191666666666666,422.9424139103476
15.2,423.4611125573111
15.208333333333334,424.10641326254813
15.216666666666667,424.65483875309644
15.225,425.23970272540237
15.233333333333333,425.92326770515433
15.241666666666667,426.6050216052931
15.25,427.35905252532456
15.258333333333333,427.884047884683
15.266666666666666,428.5370796307402
15.275,429.2260875565792
15.283333333333333,429.8994055092677
15.291666666666666,430.58493117877293
15.299999999999999,431.27528717306166
15.308333333333334,431.92382314608284
15.316666666666666,432.68713157282025
15.325,433.56968073681
15.333333333333334,434.0329395013932
15.341666666666667,434.6771226974706
15.35,435.72209343373976
15.358333333333333,436.1415658749469
15.366666666666667,436.9111958996715
15.375,437.853797125077
15.383333333333333,438.7421038157677
15.391666666666666,439.60970539972385
15.4,440.4541747698066
15.408333333333333,441.2480063815894
15.416666666666666,442.0987173573441
15.424999999999999,442.85707680506516
15.433333333333334,443.66241799565495
15.441666666666666,444.0976362729132
15.45,444.9075525207962
15.458333333333334,445.5422165558079
15.466666666666667,446.4131577991135
15.475,447.23617737589973
15.483333333333333,448.03692736576255
15.491666666666667,448.5956537345848
15.5,449.6210430529153
15.508333333333333,450.38926527599693
15.516666666666666,451.18007827385105
15.525,452.0555061226648
15.533333333333333,452.72177932433317
15.541666666666666,453.55373683335176
15.549999999999999,454.20257224703704
15.558333333333334,454.9660771783195
15.566666666666666,455.6014345410797
15.575,456.426287627495
15.583333333333334,457.57221091232276
15.591666666666667,458.1601707549096
15.6,458.8804939920646
15.608333333333333,459.8872392356022
15.616666666666667,460.4781216765648
15.625,461.33877009960355
15.633333333333333,462.2780431352839
15.641666666666666,463.2824317979557
15.65,463.7898161765432
15.658333333333333,464.6235899105128
15.666666666666666,465.5455951237957
15.674999999999999,466.02199442502115
15.683333333333334,466.6323253923084
15.691666666666666,467.53089326993194
15.7,468.32231385794785
15.708333333333334,469.1693650785784
15.716666666666667,469.930512220017
15.725,471.0996741005889
15.733333333333333,472.1195494836155
15.741666666666667,472.54086866585095
15.75,473.4161851192934
15.758333333333333,474.40158601651825
15.766666666666666,475.18832236292803
15.775,476.0373638593236
15.783333333333333,476.3865167595831
15.791666666666666,477.7441506242718
15.799999999999999,478.79945653257136
15.808333333333334,479.15250531736297
15.816666666666666,480.0163322463366
15.825,481.16958519730014
15.833333333333334,481.65856309694317
15.841666666666667,482.5176390178289
15.85,483.50065648396054
15.858333333333333,483.9551532620145
15.866666666666667,484.6513944432574
15.875,485.60049853506376
15.883333333333333,486.45213192096406
15.891666666666666,487.3851425092179
15.9,487.9483125309251
15.908333333333333,489.33712095989074
15.916666666666666,490.24620302197934
15.924999999999999,490.82462756136874
15.933333333333334,492.01992733917484
15.941666666666666,492.8706856080366
15.95,493.4965253229584
15.958333333333334,494.5980639823938
15.966666666666667,495.3827399704067
15.975,496.1502381560752
15.983333333333333,496.8900331330168
15.991666666666667,497.76757829261413
16.0,498.57105049126665
16.008333333333333,499.44136986080025
16.016666666666666,500.4712535039098
16.025,501.1185060292352
16.03333333333333,502.05181903405304
16.041666666666668,502.8227181587194
16.05,503.891797590592
16.058333333333334,504.8689104012648
16.066666666666666,505.8473300730927
16.075,506.5939956749765
16.083333333333332,507.46009439617285
16.091666666666665,508.74512104029264
16.1,509.93687641402687
16.108333333333334,510.9176345617847
16.116666666666667,511.88142639212856
16.125,512.9208942455845
16.133333333333333,513.9059314141125
16.141666666666666,514.7685732294715
16.15,515.8814402998289
16.15833333333333,516.6694057035648
16.166666666666668,517.4283633082925
16.175,518.3456584325957
16.183333333333334,519.2974785339698
16.191666666666666,520.1421914557068
16.2,520.8257136905487
16.208333333333332,521.7061146022099
16.216666666666665,522.7971751056069
16.225,523.490624415744
16.233333333333334,524.2993021287663
16.241666666666667,525.1185191368303
16.25,525.7922660195408
16.258333333333333,526.2163555794959
16.266666666666666,527.3729295167026
16.275,527.7764227289829
16.28333333333333,529.054829706912
16.291666666666668,529.556911194416
16.3,530.2132942488653
16.308333333333334,530.5591389927713
16.316666666666666,531.6631285779855
16.325,532.6739130701782
16.333333333333332,533.2958459711124
16.341666666666665,534.040216622825
16.35,534.3368164096236
16.358333333333334,535.0489294300836
16.366666666666667,535.4617056372841
16.375,536.0011817266973
16.383333333333333,536.7267992392092
16.391666666666666,537.247212734555
16.4,537.748803032723
16.40833333333333,538.6102294263636
16.416666666666668,539.2407743547484
16.425,539.6108449230155
16.433333333333334,540.227889422416
16.441666666666666,541.4716511022834
16.45,542.1230686068005
16.458333333333332,542.8209517660935
16.466666666666665,543.0880990705691
16.475,543.6309431298689
16.483333333333334,544.2172660176299
16.491666666666667,544.7055178665642
16.5,544.9207756909027
16.508333333333333,545.1645929672859
16.516666666666666,545.2343928037609
16.525,545.6356570823858
16.53333333333333,546.1748062633651
16.541666666666668,546.7957396796077
16.55,547.3110359506984
16.558333333333334,547.1556171162288
16.566666666666666,547.1666176563247
16.575,547.4498960590215
16.583333333333332,547.7596999442059
16.591666666666665,547.7897584099254
16.6,548.3836700101102
16.608333333333334,548.4095333322024
16.616666666666667,548.4123112515015
16.625,548.4645871221056
16.633333333333333,548.5422226854038
16.641666666666666,548.3939374551903
16.65,548.649128669008
16.65833333333333,548.9323617356329
16.666666666666668,549.1759986097672
16.675,549.7657069423346
16.683333333333334,549.6021431028121
16.691666666666666,549.8258826920767
16.7,550.4140428608276
16.708333333333332,551.1545926960697
16.716666666666665,551.363126497317
16.725,551.929127700652
16.733333333333334,551.6598817924548
16.741666666666667,551.9182232688315
16.75,551.3349494180375
16.758333333333333,551.0484902968346
16.766666666666666,550.9488658956882
16.775,551.3948031676379
16.78333333333333,551.6134109254733
16.791666666666668,552.1572912921865
16.8,552.443485706057
16.808333333333334,551.8380444128068
16.816666666666666,551.4386526287777
16.825,551.822374887195
16.833333333333332,552.0540993352677
16.841666666666665,552.2082626748935
16.85,552.4973595313783
16.858333333333334,552.334592934027
16.866666666666667,552.6076482762396
16.875,552.5335680750586
16.883333333333333,552.3510205093316
16.891666666666666,552.4061694869358
16.9,553.0427453544073
16.90833333333333,553.7934831373966
16.916666666666668,553.5105997689967
16.925,554.0302449044631
16.933333333333334,553.9979204026899
16.941666666666666,554.2060965902109
16.95,554.2422454197416
16.958333333333332,554.4355912155155
16.966666666666665,554.3239501589048
16.975,553.8659104808496
16.983333333333334,553.4192640749791
16.991666666666667,552.9198445117152
17.0,552.7329619429105
17.008333333333333,552.1961151323422
17.016666666666666,551.7975250434674
17.025,551.2940526609103
17.03333333333333,551.2296770819431
17.041666666666668,551.0341981817828
17.05,550.8806103790953
17.058333333333334,550.749372068013
17.066666666666666,550.3708564719694
17.075,549.9155227863873
17.083333333333332,549.7258562261001
17.091666666666665,549.2217749731466
17.1,548.9240281036425
17.108333333333334,548.6731345997621
17.116666666666667,548.2534882479889
17.125,547.749930630942
17.133333333333333,548.0862322481834
17.141666666666666,547.7389598608972
17.15,547.2067435754693
17.15833333333333,547.7264328341149
17.166666666666668,547.0871855478708
17.175,547.6635175180367
17.183333333333334,546.6921286036459
17.191666666666666,546.5276354220255
17.2,546.5181609347871
17.208333333333332,545.704155592993
17.216666666666665,544.6996158992537
17.225,544.6923244065258
17.233333333333334,544.4180871328055
17.241666666666667,545.0821057995192
17.25,543.8870741620997
17.258333333333333,543.9210144805211
17.266666666666666,543.7726563310521
17.275,542.858243709094
17.28333333333333,542.51901991146
17.291666666666668,541.5183569739894
17.3,540.9468538065513
17.308333333333334,540.6463192626329
17.316666666666666,539.3276851223288
17.325,538.2790236255832
17.333333333333332,538.1485858919242
17.341666666666665,536.7023981223423
17.35,536.2326371357879
17.358333333333334,535.5575472972685
17.366666666666667,535.265669749214
17.375,534.1179417359293
17.383333333333333,533.9328000055035
17.391666666666666,533.2129302803547
17.4,532.277378562178
17.40833333333333,531.6983353827894
17.416666666666668,531.2123142218377
17.425,531.1155905120825
17.433333333333334,531.4821437536517
17.441666666666666,530.2917289200557
17.45,530.2731250986317
17.458333333333332,530.2962145919853
17.466666666666665,529.9768227839495
17.475,529.1789569091816
17.483333333333334,528.7098647441431
17.491666666666667,528.7319295461987
17.5,528.2646219637578
17.508333333333333,526.9679861726452
17.516666666666666,527.0285072682944
17.525,526.6004092410916
17.53333333333333,525.2267945627673
17.541666666666668,524.4820346353467
17.55,524.5398172816157
17.558333333333334,524.5128156482455
17.566666666666666,523.5685689320902
17.575,523.4888886168812
17.583333333333332,523.9064316273955
17.591666666666665,523.0393598970114
17.6,522.3693514774334
17.608333333333334,523.1311769960136
17.616666666666667,523.0456442027709
17.625,521.2494033350421
17.633333333333333,519.1007200053432
17.641666666666666,519.6162765538686
17.65,521.6979926675679
17.65833333333333,518.2959065212056
17.666666666666668,516.9001906307994
17.675,518.2553746275763
17.683333333333334,519.715209814736
17.691666666666666,518.1098461979581
17.7,516.8002526149485
17.708333333333332,517.0995166695745
17.716666666666665,517.8907279094603
17.725,517.5670821466765
17.733333333333334,517.4083136262586
17.741666666666667,517.0047871247345
17.75,515.9339333982892
17.758333333333333,516.1411712942557
17.766666666666666,516.5157660753711
17.775,515.089259225284
17.78333333333333,513.0872377524149
17.791666666666668,513.1161783837997
17.8,513.2182974924337
17.808333333333334,511.0395864908358
17.816666666666666,509.85015038612073
17.825,509.427339340898
17.833333333333332,508.819246153679
17.841666666666665,507.52495023909376
17.85,507.262323327921
17.858333333333334,506.21487956080045
17.866666666666667,505.89396728456205
17.875,505.1631932465633
17.883333333333333,504.7487746664134
17.891666666666666,504.21928081926836
17.9,503.86982283147
17.90833333333333,502.37171964056085
17.916666666666668,501.8198292714247
17.925,501.9580347100105
17.933333333333334,501.6055679221249
17.941666666666666,501.7812660801663
17.95,502.25743727986315
17.958333333333332,502.2975188299953
17.966666666666665,503.08374750033335
17.975,502.19995995566615
17.983333333333334,502.8089002278631
17.991666666666667,503.14229820804155
18.0,502.1471764860744
18.008333333333333,502.93529386061346
18.016666666666666,502.7916194402063
18.025,503.9942926904018
18.03333333333333,502.508804019373
18.041666666666668,503.8212213670417
18.05,503.2578756640487
18.058333333333334,503.98676418946906
18.066666666666666,503.2902929120292
18.075,503.33669450187426
18.083333333333332,503.3842390311059
18.091666666666665,503.45108438104285
18.1,503.3517970372074
18.108333333333334,503.5887365625679
18.116666666666667,504.6459764873823
18.125,504.0306684525246
18.133333333333333,504.1930738864915
18.141666666666666,504.6576027622445
18.15,505.0710851787523
18.15833333333333,504.7585794303234
18.166666666666668,504.4316447753157
18.175,504.5289967919162
18.183333333333334,505.02857877259896
18.191666666666666,504.5557811469459
18.2,504.7194628974059
18.208333333333332,504.36012189111364
18.216666666666665,504.76001891129425
18.225,504.05080332872564
18.233333333333334,504.32271697948966
18.241666666666667,504.96508779422794
18.25,504.7108373217261
18.258333333333333,505.0500091746681
18.266666666666666,505.9880003017156
18.275,506.1371182017796
18.28333333333333,506.69830464172423
18.291666666666668,508.21254346957465
18.3,508.6261809127407
18.308333333333334,509.6964708857793
18.316666666666666,510.3081552474009
18.325,511.63932142136525
18.333333333333332,513.3193558962141
18.341666666666665,514.0479978294746
18.35,515.296370722958
18.358333333333334,516.6996792533465
18.366666666666667,518.85491015491
18.375,519.8137865464963
18.383333333333333,521.8834866003525
18.391666666666666,523.100807624087
18.4,523.8936789576663
18.40833333333333,525.3705915556587
18.416666666666668,527.0784711399153
18.425,528.5121769486431
18.433333333333334,528.7157780746629
18.441666666666666,531.0914744439424
18.45,531.2563701319733
18.458333333333332,533.3149392218173
18.466666666666665,533.2963272022507
18.475,532.8665994347068
18.483333333333334,535.3992341220777
18.491666666666667,534.4405073665232
18.5,535.1940827605805
18.508333333333333,536.5410758526193
18.516666666666666,535.7258007104388
18.525,537.4434463420042
18.53333333333333,537.3619999135234
18.541666666666668,537.9320691890586
18.55,537.5085730634366
18.558333333333334,538.809755707593
18.566666666666666,538.5967468676147
18.575,538.5890020857505
18.583333333333332,538.3691379166524
18.591666666666665,538.2223118644948
18.6,538.2971030744202
18.608333333333334,537.8262710532003
18.616666666666667,538.4934549373494
18.625,538.0735883630439
18.633333333333333,538.1200213433799
18.641666666666666,537.4531032949473
18.65,537.4188315889687
18.65833333333333,537.3467061627059
18.666666666666668,537.2001193451482
18.675,538.1884728075369
18.683333333333334,538.5750677767518
18.691666666666666,538.3483180747983
18.7,539.4640103020109
18.708333333333332,539.5871387409863
18.716666666666665,540.9306348653073
18.725,540.5466057622839
18.733333333333334,540.5735096797317
18.741666666666667,539.7479802041127
18.75,539.7009527816158
18.758333333333333,541.9163710972016
18.766666666666666,542.2000495738195
18.775,544.1119844118596
18.78333333333333,545.8319413529258
18.791666666666668,546.0229154590203
18.8,546.4145556560738
18.808333333333334,546.6445109935975
18.816666666666666,545.5482237838645
18.825,546.007273624584
18.833333333333332,546.6579115517541
18.841666666666665,546.5651982528937
18.85,546.8070823353338
18.858333333333334,548.7416601404992
18.866666666666667,547.6508216982728
18.875,550.9549212085817
18.883333333333333,550.6078290896277
18.891666666666666,551.685485891932
18.9,553.2464645010538
18.90833333333333,552.1587569854477
18.916666666666668,551.9893977583104
18.925,553.3185420963307
18.933333333333334,553.8761067851694
18.941666666666666,554.7943229509665
18.95,555.2311626394286
18.958333333333332,557.9071654645555
18.966666666666665,557.9375824424789
18.975,557.5833342453797
18.983333333333334,559.0457859404388
18.991666666666667,560.2249536746508
19.0,560.8830210241883
19.008333333333333,558.5392996557097
19.016666666666666,562.7340671076117
19.025,562.4725962705678
19.03333333333333,561.5581085870773
19.041666666666668,562.5977097937396
19.05,563.0328638279564
19.058333333333334,562.2375755244819
19.066666666666666,563.9784885655902
19.075,563.4678732428495
19.083333333333332,563.1264574795916
19.091666666666665,564.2862421738139
19.1,564.7800773498254
19.108333333333334,565.2089057718482
19.116666666666667,566.0752368147097
19.125,567.1583725146061
19.133333333333333,564.5586675518055
19.141666666666666,568.3535819527997
19.15,567.4225341017782
19.15833333333333,566.7701579299
19.166666666666668,566.5688478390027
19.175,568.0140763773101
19.183333333333334,568.21691521901
19.191666666666666,569.5716197678411
19.2,570.2929010333238
19.208333333333332,568.5288992023304
19.216666666666665,571.2307464743003
19.225,571.0721079144323
19.233333333333334,568.3383996579864
19.241666666666667,569.3701633331984
19.25,568.347349862877
19.258333333333333,568.7254217314801
19.266666666666666,567.492676536367
19.275,567.3808235677335
19.28333333333333,567.1294791716274
19.291666666666668,564.4940823577547
19.3,563.5482951201826
19.308333333333334,563.3811047458181
19.316666666666666,563.3175521642011
19.325,560.4065462733193
19.333333333333332,560.1458460336081
19.341666666666665,558.8159551539486
19.35,558.9419196172793
19.358333333333334,558.5185734665147
19.366666666666667,557.3858455783105
19.375,557.5966020275657
19.383333333333333,555.9486634274434
19.391666666666666,554.9115861944391
19.4,553.7658688635918
19.40833333333333,553.1328773467211
19.416666666666668,552.6898477000713
19.425,551.4852121278609
19.433333333333334,551.2481775138053
19.441666666666666,549.933112088843
19.45,547.7139060330876
19.458333333333332,547.8769793326363
19.466666666666665,545.4276266083012
19.475,543.4117170173533
19.483333333333334,541.3754768970844
19.491666666666667,539.8945139330059
19.5,538.6437350049295
19.508333333333333,536.160340033004
19.516666666666666,534.1257525961283
19.525,532.4306086078174
19.53333333333333,530.5978667175426
19.541666666666668,527.7267360065654
19.55,524.9616497320852
19.558333333333334,521.6431013477352
19.566666666666666,518.3336882787085
19.575,517.7968519130201
19.583333333333332,517.5237164971944
19.591666666666665,516.9114070935974
19.6,515.9019471743602
19.608333333333334,514.7674030112015
19.616666666666667,513.162075023564
19.625,511.2329789728637
19.633333333333333,509.0454955037152
19.641666666666666,506.84933435485834
19.65,504.7374517676006
19.65833333333333,502.8260436489366
19.666666666666668,500.97606320003916
19.675,498.7157795479394
19.683333333333334,496.9104795495384
19.691666666666666,495.16237615728124
19.7,493.649947334742
19.708333333333332,492.30187635601203
19.716666666666665,490.77073562751536
19.725,489.37234195641054
19.733333333333334,487.5359622694288
19.741666666666667,485.83634645473336
19.75,484.28746817457915
19.758333333333333,482.720877535867
19.766666666666666,481.318332525197
19.775,479.80022975098177
19.78333333333333,478.34829856646326
19.791666666666668,476.77249050256086
19.8,474.65968166062095
19.808333333333334,473.30064331871876
19.816666666666666,471.9063336929616
19.825,470.25170437811107
19.833333333333332,468.5681470561807
19.841666666666665,466.838527435979
19.85,465.27153812559305
19.858333333333334,464.490939040264
19.866666666666667,463.24471899150103
19.875,462.1506406675259
19.883333333333333,461.5768852559703
19.891666666666666,460.95700454100984
19.9,460.3915914804523
19.90833333333333,459.7001559298706
19.916666666666668,458.5110080377707
19.925,457.6079326152752
19.933333333333334,456.51812572036965
19.941666666666666,455.4892132034918
19.95,454.6688033790434
19.958333333333332,453.92772762551056
19.966666666666665,453.25266706642543
19.975,451.7224236123138
19.983333333333334,451.01562495256644
19.991666666666667,450.1177339780798
20.0,449.19530112632634
20.008333333333333,448.2999023184951
20.016666666666666,446.8971416586504
20.025,445.8200157828693
20.03333333333333,444.45345255028064
20.041666666666668,443.0003928523288
20.05,441.3383642665452
20.058333333333334,439.70631160329106
20.066666666666666,439.2857794292186
20.075,438.9740316643156
20.083333333333332,438.7780861428051
20.091666666666665,439.2711577723673
20.1,438.99552355399214
20.108333333333334,438.87178332193764
20.116666666666667,438.37430735481166
20.125,438.5966809585308
20.133333333333333,438.28390925754866
20.141666666666666,438.4653842760509
20.15,438.64792886575225
20.15833333333333,438.62463941714617
20.166666666666668,438.6290063544474
20.175,438.6025751860769
20.183333333333334,438.63739484657424
20.191666666666666,439.4791873486448
20.2,439.96259311243
20.208333333333332,440.57282940717374
20.216666666666665,441.64814577450585
20.225,443.18299793420795
20.233333333333334,444.2851800234886
20.241666666666667,445.0857459068398
20.25,445.72441808824954
20.258333333333333,446.84012071094037
20.266666666666666,447.6218203603768
20.275,448.6813927620505
20.28333333333333,449.3282955212445
20.291666666666668,451.02720499052157
20.3,452.64546041250924
20.308333333333334,454.47914315179816
20.316666666666666,455.9542284306776
20.325,457.57595657469074
20.333333333333332,458.6728038812597
20.341666666666665,459.66455044005716
20.35,460.3131247284265
20.358333333333334,461.33452692097916
20.366666666666667,462.7013722230538
20.375,463.7939952093399
20.383333333333333,463.9039090627876
20.391666666666666,464.89453450954784
20.4,465.19036381492225
20.40833333333333,465.7780829710886
20.416666666666668,465.5910372014233
20.425,466.00783645712016
20.433333333333334,465.77621237135
20.441666666666666,465.77540824037123
20.45,465.2479431501181
20.458333333333332,464.3110720457742
20.466666666666665,464.3478799800463
20.475,464.64608142975277
20.483333333333334,464.9380263636263
20.491666666666667,465.1726588349838
20.5,465.53061858217217
20.508333333333333,465.70309729087944
20.516666666666666,465.0928002582712
20.525,464.41618747722316
20.53333333333333,463.7669580052829
20.541666666666668,463.94622859888665
20.55,464.42383371694854
20.558333333333334,464.0285402491418
20.566666666666666,463.36926725853834
20.575,464.32359154999864
20.583333333333332,465.3293507433736
20.591666666666665,465.63604761823547
20.6,466.38290523610937
20.608333333333334,467.44874213769424
20.616666666666667,468.25297628203776
20.625,469.24738082910767
20.633333333333333,470.28729949076245
20.641666666666666,470.93191386524876
20.65,472.0373569621222
20.65833333333333,471.9846225093287
20.666666666666668,472.008651978354
20.675,472.338753359166
20.683333333333334,472.5768348950692
20.691666666666666,472.12367257002904
20.7,471.37852806658884
20.708333333333332,472.3442966442492
20.716666666666665,471.0607874007738
20.725,469.93584919088846
20.733333333333334,468.67832766170625
20.741666666666667,466.9519657859752
20.75,467.30541633346803
20.758333333333333,468.5035232383604
20.766666666666666,468.71337082657607
20.775,469.62773823532405
20.78333333333333,471.25723662428686
20.791666666666668,472.5413227487792
20.8,472.3288762377083
20.808333333333334,473.44923682083186
20.816666666666666,475.2718095196968
20.825,476.73881228218517
20.833333333333332,477.35466132763446
20.841666666666665,477.92117487641053
20.85,478.0656055409888
20.858333333333334,479.1165133872567
20.866666666666667,479.56706475967314
20.875,479.05161786807935
20.883333333333333,479.18632125940405
20.891666666666666,480.22113846771424
20.9,479.22641941272826
20.90833333333333,479.53034751549467
20.916666666666668,478.74522288238825
20.925,477.5428962093083
20.933333333333334,476.3200367430768
20.941666666666666,476.80409728355505
20.95,476.8605494539178
20.958333333333332,478.1396506641214
20.966666666666665,481.8996770368097
20.975,483.7821422321781
20.983333333333334,485.3946880696351
20.991666666666667,486.6434616086721
21.0,487.79048664966535
21.008333333333333,488.71874109398766
21.016666666666666,491.169579944807
21.025,493.1496391136549
21.03333333333333,493.1227424320945
21.041666666666668,493.87592435041853
21.05,493.2683055800049
21.058333333333334,494.90983077825945
21.066666666666666,496.81915432455673
21.075,498.3135133870659
21.083333333333332,497.83129423900704
21.091666666666665,501.75811561067894
21.1,503.0003717524729
21.108333333333334,503.2562162054844
21.116666666666667,502.2574717627659
21.125,503.394221345167
21.133333333333333,502.3026004488133
21.141666666666666,498.8714233238752
21.15,497.0683182750353
21.15833333333333,496.32352435207264
21.166666666666668,491.08485362560367
21.175,490.50772698398356
21.183333333333334,486.45032318902724
21.191666666666666,485.9442893752364
21.2,479.29870143984084
21.208333333333332,477.3106071195226
21.216666666666665,473.9552834888735
21.225,470.9009807991853
21.233333333333334,456.6343029389798
21.241666666666667,454.3030737542769
21.25,448.09243510183126
21.258333333333333,447.0389475194148
