lag_frame[sec],NGP_[dimensionless]
0.008333333333333333,3.640148299749307
0.016666666666666666,2.2842159601840675
0.025,1.5826904135124162
0.03333333333333333,1.2867967164345582
0.041666666666666664,1.0588522589893814
0.05,0.9478307531956223
0.058333333333333334,0.8438632022369534
0.06666666666666667,0.797173093458575
0.075,0.730529543252902
0.08333333333333333,0.691777796099565
0.09166666666666666,0.6739369941259175
0.1,0.6406225370452456
0.10833333333333334,0.606793359351711
0.11666666666666667,0.5887085191774568
0.125,0.5678036203259753
0.13333333333333333,0.5517528771509113
0.14166666666666666,0.5378179142305621
0.15,0.5332344301570686
0.15833333333333333,0.5189820609750415
0.16666666666666666,0.5077260200494425
0.175,0.5016992972837928
0.18333333333333332,0.4944661286945249
0.19166666666666665,0.4872608945629755
0.2,0.4820487242940723
0.20833333333333334,0.46925133763938165
0.21666666666666667,0.4620226894501249
0.225,0.46068019454971454
0.23333333333333334,0.45626667695904777
0.24166666666666667,0.4508977199216546
0.25,0.4483397140701859
0.2583333333333333,0.44338491890012754
0.26666666666666666,0.4366260525925707
0.275,0.43258452173131934
0.2833333333333333,0.428179207711489
0.2916666666666667,0.4239642907764323
0.3,0.41942091130693004
0.30833333333333335,0.4163142602341081
0.31666666666666665,0.41159834107843785
0.325,0.40935159695662615
0.3333333333333333,0.40648878909357666
0.3416666666666667,0.4063586591909294
0.35,0.4055444664187009
0.35833333333333334,0.4031477372158787
0.36666666666666664,0.4007715886588381
0.375,0.40014230680101126
0.3833333333333333,0.39657115169560475
0.39166666666666666,0.39457555464477156
0.4,0.3920366290126176
0.4083333333333333,0.38990575147500706
0.4166666666666667,0.39007720911097654
0.425,0.38827563539740617
0.43333333333333335,0.38652138157362037
0.44166666666666665,0.3860857314966306
0.45,0.38527622962870955
0.4583333333333333,0.38585061249129593
0.4666666666666667,0.38531589610729133
0.475,0.38354205588395707
0.48333333333333334,0.38235836441685067
0.49166666666666664,0.3809931803666493
0.5,0.3811992836767917
0.5083333333333333,0.3792869559028518
0.5166666666666666,0.37752379884622833
0.525,0.37485666924385797
0.5333333333333333,0.3721115698445021
0.5416666666666666,0.3724485102452002
0.55,0.3717821054141295
0.5583333333333333,0.36891469846021163
0.5666666666666667,0.3686160406807468
0.575,0.36852202084362995
0.5833333333333334,0.3686051284070684
0.5916666666666667,0.3667372226116081
0.6,0.3652439687980713
0.6083333333333333,0.3646048498340799
0.6166666666666667,0.3637354757022315
0.625,0.36195424946626464
0.6333333333333333,0.3610982116987487
0.6416666666666666,0.36090054883032985
0.65,0.36017244432809115
0.6583333333333333,0.3596848550777698
0.6666666666666666,0.35842660302991036
0.675,0.3582432350652027
0.6833333333333333,0.35712670186868833
0.6916666666666667,0.3563836993456222
0.7,0.35554157603719583
0.7083333333333334,0.3554365580238452
0.7166666666666667,0.3541176415210088
0.725,0.3529178507427133
0.7333333333333333,0.35089274070122967
0.7416666666666667,0.34976048289974737
0.75,0.34868545095931247
0.7583333333333333,0.3476765058638278
0.7666666666666666,0.3463436380067668
0.775,0.34529250432403247
0.7833333333333333,0.3452374780029541
0.7916666666666666,0.3442879014861193
0.8,0.34429844259633824
0.8083333333333333,0.34280525101353243
0.8166666666666667,0.3431859638612078
0.825,0.3425591621835038
0.8333333333333334,0.34205972447644273
0.8416666666666667,0.3411373808129192
0.85,0.3407644514783472
0.8583333333333333,0.3401966202315483
0.8666666666666667,0.3392462793404447
0.875,0.3383787371372491
0.8833333333333333,0.337871741044681
0.8916666666666666,0.3368899614702432
0.9,0.3346707133620721
0.9083333333333333,0.3336208676833321
0.9166666666666666,0.33302631541977123
0.9249999999999999,0.3308266032945393
0.9333333333333333,0.3304049757966294
0.9416666666666667,0.32906378372701317
0.95,0.32844157981117306
0.9583333333333334,0.3274041068532485
0.9666666666666667,0.32704614876696936
0.975,0.325775834651306
0.9833333333333333,0.32517318149932417
0.9916666666666667,0.32487452468821854
1.0,0.3247036807569976
1.0083333333333333,0.3243220419233457
1.0166666666666666,0.32458855455862845
1.025,0.32359493277984797
1.0333333333333332,0.3229592935960386
1.0416666666666667,0.3227533675936236
1.05,0.3221396356007231
1.0583333333333333,0.3221225199875739
1.0666666666666667,0.32180827602422823
1.075,0.3211290986264743
1.0833333333333333,0.32109901295377385
1.0916666666666666,0.32072831750920616
1.1,0.32007161202719425
1.1083333333333334,0.3196959970124351
1.1166666666666667,0.3195408679779763
1.125,0.3197197008460013
1.1333333333333333,0.3191832072018941
1.1416666666666666,0.31872970225144526
1.15,0.3183642038785839
1.1583333333333332,0.31853013799280605
1.1666666666666667,0.3181542286916057
1.175,0.31827986719475954
1.1833333333333333,0.31801590572893357
1.1916666666666667,0.31769524065835886
1.2,0.31662109425160145
1.2083333333333333,0.3159059442256671
1.2166666666666666,0.3155560557828707
1.225,0.3153381238053494
1.2333333333333334,0.3149673513353852
1.2416666666666667,0.31455258705318223
1.25,0.3145540654293686
1.2583333333333333,0.3138556183760195
1.2666666666666666,0.3141410104365372
1.275,0.3133559766173939
1.2833333333333332,0.31308819840421487
1.2916666666666667,0.3131510690652288
1.3,0.3134298529802668
1.3083333333333333,0.31351190439705423
1.3166666666666667,0.31309475133665243
1.325,0.31357929488438696
1.3333333333333333,0.3139141745085363
1.3416666666666666,0.3148522687188062
1.35,0.3151070706885415
1.3583333333333334,0.31499384391970575
1.3666666666666667,0.3152057922480094
1.375,0.315117894620937
1.3833333333333333,0.3151685531720716
1.3916666666666666,0.31558691821895635
1.4,0.31532551007513376
1.4083333333333332,0.3154945575472685
1.4166666666666667,0.3154136771806466
1.425,0.3154928585208687
1.4333333333333333,0.31570398150368106
1.4416666666666667,0.3158164749751424
1.45,0.3163170274193745
1.4583333333333333,0.3159529084500696
1.4666666666666666,0.31574165224330475
1.475,0.3153864547781551
1.4833333333333334,0.31568335654265933
1.4916666666666667,0.3154371630003656
1.5,0.31561322106732725
1.5083333333333333,0.3153398477720204
1.5166666666666666,0.3153834237552824
1.525,0.315097965021627
1.5333333333333332,0.3152414924737663
1.5416666666666667,0.31581105667454223
1.55,0.3160552575982509
1.5583333333333333,0.3158357775909877
1.5666666666666667,0.31537087650346773
1.575,0.31540858046057196
1.5833333333333333,0.3153370363763739
1.5916666666666666,0.31473427851897573
1.6,0.313986035252682
1.6083333333333334,0.31357976511225494
1.6166666666666667,0.31305982548865563
1.625,0.31298801830505574
1.6333333333333333,0.3126692193935259
1.6416666666666666,0.3124605144700239
1.65,0.3121966641373153
1.6583333333333332,0.31153933741922524
1.6666666666666667,0.31095214794018977
1.675,0.310855167090325
1.6833333333333333,0.31048679762938236
1.6916666666666667,0.309622719974032
1.7,0.3094900266221179
1.7083333333333333,0.3086625810370869
1.7166666666666666,0.3082479724325644
1.7249999999999999,0.3077207073532442
1.7333333333333334,0.30765629965685015
1.7416666666666667,0.30684033079141737
1.75,0.30635577564308925
1.7583333333333333,0.30617293173360616
1.7666666666666666,0.3059157116715936
1.775,0.3062518904063425
1.7833333333333332,0.3065883099819575
1.7916666666666667,0.307083891132119
1.8,0.30689371875443805
1.8083333333333333,0.30651532791324
1.8166666666666667,0.30637274429207806
1.825,0.30664236200098327
1.8333333333333333,0.3072631231341334
1.8416666666666666,0.30744263037687936
1.8499999999999999,0.30761894307073745
1.8583333333333334,0.30778908788723736
1.8666666666666667,0.3082198829216767
1.875,0.3083101308334202
1.8833333333333333,0.30872115142481404
1.8916666666666666,0.3088772868213576
1.9,0.30920545911870767
1.9083333333333332,0.309764796208448
1.9166666666666667,0.3098348676351097
1.925,0.3103307490065388
1.9333333333333333,0.31077324340853196
1.9416666666666667,0.3108589820706593
1.95,0.31107408444625295
1.9583333333333333,0.3108790934697836
1.9666666666666666,0.31091444825501546
1.9749999999999999,0.3109546305470152
1.9833333333333334,0.31090621224225456
1.9916666666666667,0.31085369931522044
2.0,0.31086194541643764
2.0083333333333333,0.3108496395043401
2.0166666666666666,0.3107058291702638
2.025,0.31065637672946345
2.033333333333333,0.310399565725922
2.0416666666666665,0.31044007549624175
2.05,0.31026149396765046
2.058333333333333,0.30973994583830033
2.0666666666666664,0.3092444612734875
2.075,0.309276669687941
2.0833333333333335,0.30925022359679133
2.091666666666667,0.3090067897946138
2.1,0.30870908470946934
2.1083333333333334,0.3084089628802211
2.1166666666666667,0.3080550964596931
2.125,0.30795663173277843
2.1333333333333333,0.3073795219721811
2.1416666666666666,0.3069501355179902
2.15,0.3065388020351727
2.158333333333333,0.30639923374957756
2.1666666666666665,0.3060414697347904
2.175,0.30534146040278287
2.183333333333333,0.3047181727364534
2.1916666666666664,0.30414342719465415
2.2,0.3034529486665869
2.2083333333333335,0.302666747111348
2.216666666666667,0.3021390298756439
2.225,0.30108993883041135
2.2333333333333334,0.3007458850632372
2.2416666666666667,0.3005569656968503
2.25,0.30046644284072554
2.2583333333333333,0.3006440627850182
2.2666666666666666,0.30008637181651765
2.275,0.29977767305051795
2.283333333333333,0.2996880422244148
2.2916666666666665,0.2994200415056514
2.3,0.29917947019977165
2.308333333333333,0.2991374368346189
2.3166666666666664,0.29890394507686024
2.325,0.29888292902309943
2.3333333333333335,0.2990128545526942
2.341666666666667,0.29897031610693703
2.35,0.29865055262278006
2.3583333333333334,0.29845970422788093
2.3666666666666667,0.29831939446467093
2.375,0.2984561707269797
2.3833333333333333,0.2984224097000505
2.3916666666666666,0.2982863375034033
2.4,0.29790956347642106
2.408333333333333,0.29768816409929877
2.4166666666666665,0.2978198315421583
2.425,0.29771908173323336
2.433333333333333,0.29774026881209026
2.4416666666666664,0.2979406091406247
2.45,0.29784732556491456
2.4583333333333335,0.2976494006136956
2.466666666666667,0.297754275380117
2.475,0.29786827042099784
2.4833333333333334,0.2979424251470415
2.4916666666666667,0.2978795689959908
2.5,0.2978502163244019
2.5083333333333333,0.29785949351153107
2.5166666666666666,0.2977030480002685
2.525,0.2975538215817093
2.533333333333333,0.29720891489518286
2.5416666666666665,0.2970325915213514
2.55,0.2971467472244984
2.558333333333333,0.29739388831186875
2.5666666666666664,0.29749643572755
2.575,0.2977218575673093
2.5833333333333335,0.2979285817534276
2.591666666666667,0.29780089178012115
2.6,0.29765410940823944
2.6083333333333334,0.2976268232770609
2.6166666666666667,0.2975345727446057
2.625,0.2977207453202999
2.6333333333333333,0.2974215285985673
2.6416666666666666,0.2973434878540506
2.65,0.2972646829393215
2.658333333333333,0.2969996279825442
2.6666666666666665,0.2968761807378486
2.675,0.2966504891036421
2.683333333333333,0.2962683423536412
2.6916666666666664,0.29609637975162695
2.7,0.2956443941778699
2.7083333333333335,0.29532688378792815
2.716666666666667,0.295098052052883
2.725,0.29485241506888826
2.7333333333333334,0.29446714607389324
2.7416666666666667,0.29441049948965436
2.75,0.2942414892684917
2.7583333333333333,0.2941234145035754
2.7666666666666666,0.2938593165778649
2.775,0.29401206632367427
2.783333333333333,0.2938056531448836
2.7916666666666665,0.2937743357319744
2.8,0.2939183199574362
2.808333333333333,0.2939700671780765
2.8166666666666664,0.2938690757474416
2.825,0.29399085435616024
2.8333333333333335,0.29395801658589615
2.841666666666667,0.2937097696108131
2.85,0.2933501961694802
2.8583333333333334,0.29313431290877756
2.8666666666666667,0.29300350638291683
2.875,0.2929644566032805
2.8833333333333333,0.292696775659681
2.8916666666666666,0.29251242541125366
2.9,0.2924261039537348
2.908333333333333,0.29231587820346006
2.9166666666666665,0.2920154369661252
2.925,0.29173106325848
2.933333333333333,0.2911636212098252
2.9416666666666664,0.29075315748929964
2.95,0.290298642697137
2.9583333333333335,0.2897953914770839
2.966666666666667,0.2895233881802146
2.975,0.2890323716765544
2.9833333333333334,0.28872651639815206
2.9916666666666667,0.2884556562610936
3.0,0.2881820917918423
3.0083333333333333,0.28762668082104925
3.0166666666666666,0.2874666551653462
3.025,0.2870718246466637
3.033333333333333,0.2870773018951458
3.0416666666666665,0.2870226043002322
3.05,0.28699275218874076
3.058333333333333,0.28704175307926905
3.0666666666666664,0.2866656909818639
3.075,0.28644752030583653
3.0833333333333335,0.28612237394385565
3.091666666666667,0.2858429809272067
3.1,0.285954674277318
3.1083333333333334,0.2857856257904918
3.1166666666666667,0.2857849508240704
3.125,0.28559874299440424
3.1333333333333333,0.2855714822859903
3.1416666666666666,0.2852567121938552
3.15,0.2849316754657947
3.158333333333333,0.284742339868461
3.1666666666666665,0.2844752129878745
3.175,0.2842980688876593
3.183333333333333,0.2840242156980448
3.1916666666666664,0.28374068230984806
3.2,0.28382170506978066
3.2083333333333335,0.2836652884591242
3.216666666666667,0.28352249827125986
3.225,0.2833338546026438
3.2333333333333334,0.28321464926096596
3.2416666666666667,0.2830473838582348
3.25,0.28260842580483714
3.2583333333333333,0.28260252269043273
3.2666666666666666,0.28239793567237004
3.275,0.2822239001484135
3.283333333333333,0.2820479717637936
3.2916666666666665,0.28173421570682033
3.3,0.28169566429936355
3.308333333333333,0.2815425159395879
3.3166666666666664,0.28154660703511314
3.3249999999999997,0.2813253263617521
3.3333333333333335,0.28128771767703764
3.341666666666667,0.28121783617390306
3.35,0.28110942608792056
3.3583333333333334,0.2809245630638315
3.3666666666666667,0.2809729017256377
3.375,0.28083670486071566
3.3833333333333333,0.28073961443177
3.3916666666666666,0.2807101047715921
3.4,0.2806198950468066
3.408333333333333,0.28047112166376187
3.4166666666666665,0.28061460659547977
3.425,0.2803983659985736
3.433333333333333,0.28034294704451823
3.4416666666666664,0.280339073509829
3.4499999999999997,0.2803083518718845
3.4583333333333335,0.28019966114954986
3.466666666666667,0.28016135859977487
3.475,0.28000568309970864
3.4833333333333334,0.28021413488126456
3.4916666666666667,0.2804290537009013
3.5,0.2803689089893473
3.5083333333333333,0.28035429087488195
3.5166666666666666,0.28035957791193233
3.525,0.2803913767849615
3.533333333333333,0.2804554707122153
3.5416666666666665,0.2805392970020939
3.55,0.2805460112308875
3.558333333333333,0.28058921315546725
3.5666666666666664,0.28074921657701535
3.5749999999999997,0.28089267325400513
3.5833333333333335,0.28112371893421817
3.591666666666667,0.28120751699236446
3.6,0.28145195434518033
3.6083333333333334,0.28160344071116694
3.6166666666666667,0.2819369438732988
3.625,0.2822518777685248
3.6333333333333333,0.2823389879349196
3.6416666666666666,0.28251160730800473
3.65,0.28269901729143654
3.658333333333333,0.2829407163441253
3.6666666666666665,0.2833543939923555
3.675,0.2838413124572545
3.683333333333333,0.2840424983515457
3.6916666666666664,0.2840341463672469
3.6999999999999997,0.2842044418894889
3.7083333333333335,0.2845707677710114
3.716666666666667,0.28490664112353103
3.725,0.2851197086387254
3.7333333333333334,0.2852862731396464
3.7416666666666667,0.2855421067797328
3.75,0.28544164147327145
3.7583333333333333,0.2858714161568543
3.7666666666666666,0.2860927456301334
3.775,0.28610193678436935
3.783333333333333,0.28646783144929744
3.7916666666666665,0.28668012789819564
3.8,0.286911090656055
3.808333333333333,0.2872633465501524
3.8166666666666664,0.2876335156957044
3.8249999999999997,0.28779860352509345
3.8333333333333335,0.28812168367837776
3.841666666666667,0.28863426221975086
3.85,0.28891265661526644
3.8583333333333334,0.28916513958805723
3.8666666666666667,0.2892687813589949
3.875,0.2892803173220406
3.8833333333333333,0.2892368262724643
3.8916666666666666,0.2893844375259935
3.9,0.28925180760747415
3.908333333333333,0.2892778990673037
3.9166666666666665,0.28928480845169324
3.925,0.2892546977248307
3.933333333333333,0.28933515163948775
3.9416666666666664,0.2893189755768766
3.9499999999999997,0.2892144838831432
3.9583333333333335,0.2890241233548254
3.966666666666667,0.2890319473283536
3.975,0.28920901587444603
3.9833333333333334,0.28922603914222744
3.9916666666666667,0.2895281914964438
4.0,0.2895784771622094
4.008333333333333,0.2898580092209322
4.016666666666667,0.28996231649499493
4.025,0.2900905516872556
4.033333333333333,0.29044243873741027
4.041666666666667,0.29094294926929964
4.05,0.29124882655501305
4.058333333333334,0.29167649776178806
4.066666666666666,0.29198060658273395
4.075,0.2923612562586084
4.083333333333333,0.2926974134840301
4.091666666666667,0.293043377930313
4.1,0.2931322428936265
4.108333333333333,0.29326482905783346
4.116666666666666,0.2934171595267221
4.125,0.2935311528842097
4.133333333333333,0.2938110963449949
4.141666666666667,0.2938836426317779
4.15,0.29391535739891594
4.158333333333333,0.2940939256364157
4.166666666666667,0.2943256332761772
4.175,0.29447469692475514
4.183333333333334,0.2944763699301529
4.191666666666666,0.2948482466603668
4.2,0.29508227303871704
4.208333333333333,0.2950252915083025
4.216666666666667,0.29544140031606747
4.225,0.2956917800216865
4.233333333333333,0.29572262460167065
4.241666666666666,0.29606053516956043
4.25,0.29617696037916263
4.258333333333333,0.29641901304983254
4.266666666666667,0.2966368801062682
4.275,0.2967845457151048
4.283333333333333,0.296548306056335
4.291666666666667,0.2968308366942587
4.3,0.2967937285608353
4.308333333333334,0.2969666441597707
4.316666666666666,0.29724889545962774
4.325,0.2972511405310905
4.333333333333333,0.297282263990873
4.341666666666667,0.297546056105378
4.35,0.29797714689548016
4.358333333333333,0.2980815468945923
4.366666666666666,0.2983032047986356
4.375,0.298329900766674
4.383333333333333,0.2985587637280749
4.391666666666667,0.29892774810324596
4.4,0.29905765241241156
4.408333333333333,0.2993917705309723
4.416666666666667,0.29966476475881754
4.425,0.30007115455960864
4.433333333333334,0.3003912868793881
4.441666666666666,0.30046194594829645
4.45,0.30073817161350735
4.458333333333333,0.30112006466962216
4.466666666666667,0.30122908515528324
4.475,0.3013474849571287
4.483333333333333,0.3015759677035812
4.491666666666666,0.30181613944888697
4.5,0.30212637014413546
4.508333333333333,0.3023329868839355
4.516666666666667,0.30245397906555027
4.525,0.3026822915501899
4.533333333333333,0.302893002017967
4.541666666666667,0.3031112785083967
4.55,0.30321026928230643
4.558333333333334,0.3035206104650643
4.566666666666666,0.30373906935896855
4.575,0.30389497881385164
4.583333333333333,0.3042057935554261
4.591666666666667,0.30443007732859106
4.6,0.3045831112789592
4.608333333333333,0.3049300595388085
4.616666666666666,0.305214490360731
4.625,0.30537262843998136
4.633333333333333,0.30578489969731515
4.641666666666667,0.3059580814825187
4.65,0.305936073481198
4.658333333333333,0.30611363998151453
4.666666666666667,0.30638900372246325
4.675,0.30642519798317314
4.683333333333334,0.30642348122887664
4.691666666666666,0.3066242766443241
4.7,0.30670848054673305
4.708333333333333,0.3066474363506615
4.716666666666667,0.30672769173755876
4.725,0.30671300224953857
4.733333333333333,0.30638838524689094
4.741666666666666,0.30633207139060903
4.75,0.3060459573740908
4.758333333333333,0.3059609115711366
4.766666666666667,0.30592352603981476
4.775,0.30591829752496524
4.783333333333333,0.30584642580682386
4.791666666666667,0.305966343160865
4.8,0.30614981606548564
4.808333333333334,0.3061229269628256
4.816666666666666,0.3061651540796715
4.825,0.3058915183743365
4.833333333333333,0.30593897931073655
4.841666666666667,0.30564710695282904
4.85,0.305565617887507
4.858333333333333,0.3056802735429476
4.866666666666666,0.3055828631000863
4.875,0.30542742877472984
4.883333333333333,0.3055415849017684
4.891666666666667,0.3053618514568035
4.9,0.30535183274063105
4.908333333333333,0.3052655287488386
4.916666666666667,0.30564998753414363
4.925,0.30580423993017924
4.933333333333334,0.30588077291150584
4.941666666666666,0.3061153848231608
4.95,0.3065450298816226
4.958333333333333,0.3064960477290919
4.966666666666667,0.3064112530766472
4.975,0.30687706024999617
4.983333333333333,0.30701219078866426
4.991666666666666,0.30724870384240965
5.0,0.30751231926125366
5.008333333333333,0.3075141762221134
5.016666666666667,0.30778514863430106
5.025,0.30798891881977974
5.033333333333333,0.3082023792193991
5.041666666666667,0.30839218128336787
5.05,0.30857298955181967
5.058333333333334,0.3086075129794117
5.066666666666666,0.30882349072752735
5.075,0.30901031538895074
5.083333333333333,0.30936775395502725
5.091666666666667,0.30960556789185323
5.1,0.30989989643055793
5.108333333333333,0.31041542909467923
5.116666666666666,0.31086611499194094
5.125,0.31127926940251105
5.133333333333333,0.31157919761450437
5.141666666666667,0.31183735506701216
5.15,0.3120491320395551
5.158333333333333,0.3124455512310209
5.166666666666667,0.31283090387910306
5.175,0.3130054421160591
5.183333333333334,0.31343377055081345
5.191666666666666,0.31404192252318053
5.2,0.31421977598646667
5.208333333333333,0.3145988996469109
5.216666666666667,0.31514616391485895
5.225,0.31539797919154333
5.233333333333333,0.3159003793726334
5.241666666666666,0.31622340127490944
5.25,0.3167264972049346
5.258333333333333,0.31737126370048774
5.266666666666667,0.3177018392748867
5.275,0.318353902289624
5.283333333333333,0.3186055708937654
5.291666666666667,0.31920063619581396
5.3,0.31949026082551546
5.308333333333334,0.3198757533136851
5.316666666666666,0.3203387888991105
5.325,0.3206474229016312
5.333333333333333,0.3210181828345273
5.341666666666667,0.3212209520404714
5.35,0.3215315133703627
5.358333333333333,0.3218703391294324
5.366666666666666,0.32223441063450475
5.375,0.3224189787807723
5.383333333333333,0.3227109049013068
5.391666666666667,0.32302423989522766
5.4,0.323153557996807
5.408333333333333,0.3234198631223142
5.416666666666667,0.3232794784545836
5.425,0.323535782224988
5.433333333333334,0.32357251789832975
5.441666666666666,0.32335248137651074
5.45,0.32359756746684054
5.458333333333333,0.3239744870278738
5.466666666666667,0.32403986612878954
5.475,0.3243828338878547
5.483333333333333,0.3244380424155966
5.491666666666666,0.3248417193123403
5.5,0.3253619444330462
5.508333333333333,0.32554937764012193
5.516666666666667,0.3257617918631637
5.525,0.32580734211000295
5.533333333333333,0.32604441561988096
5.541666666666667,0.3264465878860956
5.55,0.3264508552291012
5.558333333333334,0.3268368675927813
5.566666666666666,0.3271463129541692
5.575,0.327653147795006
5.583333333333333,0.32787581533279186
5.591666666666667,0.3281744844237231
5.6,0.32872820980819983
5.608333333333333,0.32897316033189505
5.616666666666666,0.32927033487579616
5.625,0.3294919414939086
5.633333333333333,0.3300193103058551
5.641666666666667,0.33056913884559935
5.65,0.3303389286473464
5.658333333333333,0.3312853961863762
5.666666666666667,0.3318908526177029
5.675,0.332106550336704
5.683333333333334,0.3324436571132454
5.691666666666666,0.3323456835177623
5.7,0.33293927451937066
5.708333333333333,0.3332925824117514
5.716666666666667,0.3333901630554974
5.725,0.33349948014516695
5.733333333333333,0.3336614643530096
5.741666666666666,0.3341335902650313
5.75,0.3345720861277044
5.758333333333333,0.334781791487214
5.766666666666667,0.3351056711183511
5.775,0.3355262345150998
5.783333333333333,0.3359564352329081
5.791666666666667,0.336128175212689
5.8,0.3365577230207988
5.808333333333334,0.33675792434722474
5.816666666666666,0.33705299044447123
5.825,0.33738958019690113
5.833333333333333,0.3376353722084602
5.841666666666667,0.33804272707292693
5.85,0.33833451367283196
5.858333333333333,0.3387321410376354
5.866666666666666,0.33889426589175686
5.875,0.3389771900299081
5.883333333333333,0.3389690730964994
5.891666666666667,0.33907993721398655
5.9,0.3392623273501385
5.908333333333333,0.33913367440158426
5.916666666666667,0.33942258214407284
5.925,0.339710015772557
5.933333333333334,0.3399335523800371
5.941666666666666,0.3399819805702582
5.95,0.3401499255269156
5.958333333333333,0.34042922699554024
5.966666666666667,0.34098255750882367
5.975,0.3410318275583004
5.983333333333333,0.3413276908665559
5.991666666666666,0.34129149961772387
6.0,0.3412634724847785
6.008333333333333,0.3413482086727033
6.016666666666667,0.3415278470241072
6.025,0.3418451263018871
6.033333333333333,0.3419998020992152
6.041666666666667,0.34242513417609266
6.05,0.3427765750173426
6.058333333333334,0.34318910240521405
6.066666666666666,0.3434025234632634
6.075,0.34344229937771886
6.083333333333333,0.34392022336832806
6.091666666666667,0.3439786692053348
6.1,0.34417121027514996
6.108333333333333,0.3444671321547681
6.116666666666666,0.34455674530989167
6.125,0.34506836914582095
6.133333333333333,0.34517740898389726
6.141666666666667,0.3455189571209991
6.15,0.3456053143369362
6.158333333333333,0.3458660236178157
6.166666666666667,0.34613936472791274
6.175,0.3462247101093876
6.183333333333334,0.34659214811633987
6.191666666666666,0.34693528177315436
6.2,0.3475441730394244
6.208333333333333,0.3479116778601379
6.216666666666667,0.34835715966990133
6.225,0.348956375943694
6.233333333333333,0.34941773119288677
6.241666666666666,0.34982653293042687
6.25,0.3502932441603961
6.258333333333333,0.35064369657569006
6.266666666666667,0.3511392922242418
6.275,0.35149359948825776
6.283333333333333,0.3518446296671396
6.291666666666667,0.35228834548695453
6.3,0.35280679750256394
6.308333333333334,0.3529204260432932
6.316666666666666,0.3531799139103513
6.325,0.3538639953154441
6.333333333333333,0.35416671584036097
6.341666666666667,0.35455271713335623
6.35,0.3550125707028049
6.358333333333333,0.3553617525417847
6.366666666666666,0.3557480016754073
6.375,0.3561763737465038
6.383333333333333,0.3564316136232992
6.391666666666667,0.3568246767531007
6.4,0.35699453114749247
6.408333333333333,0.35723171812418464
6.416666666666667,0.3579062734723679
6.425,0.3581801575968402
6.433333333333334,0.3588266019181532
6.441666666666666,0.35924329342954886
6.45,0.359430314036542
6.458333333333333,0.360184066690183
6.466666666666667,0.36048625054172545
6.475,0.3609789075012013
6.483333333333333,0.3611762825531575
6.491666666666666,0.3614522745596116
6.5,0.3618227787266448
6.508333333333333,0.3622463226612771
6.516666666666667,0.3625113109627329
6.5249999999999995,0.3627663181120335
6.533333333333333,0.3630525351362084
6.541666666666667,0.3634405125553519
6.55,0.36393066697758636
6.558333333333334,0.36385647779490804
6.566666666666666,0.3640024338252299
6.575,0.3637984270978103
6.583333333333333,0.36365929724548507
6.591666666666667,0.36366931475399
6.6,0.36376125499343215
6.608333333333333,0.3632186522781016
6.616666666666666,0.3628296201203267
6.625,0.3626878666187012
6.633333333333333,0.36285615929192727
6.641666666666667,0.36277448153876657
6.6499999999999995,0.36238506543113935
6.658333333333333,0.36259428509603864
6.666666666666667,0.36232360510728756
6.675,0.3616739959497077
6.683333333333334,0.3610671360841826
6.691666666666666,0.3605638477074169
6.7,0.36029426321666547
6.708333333333333,0.35965388479604554
6.716666666666667,0.3595966643528341
6.725,0.35906745464484113
6.733333333333333,0.35891293307298544
6.741666666666666,0.3584982202213649
6.75,0.3583925986416465
6.758333333333333,0.3578472509505295
6.766666666666667,0.35726797294251167
6.7749999999999995,0.3569476582501421
6.783333333333333,0.35649516494193034
6.791666666666667,0.3560473151014045
6.8,0.3555256415110877
6.808333333333334,0.35527603377298633
6.816666666666666,0.3549874176226979
6.825,0.3549585109775699
6.833333333333333,0.35460407920104076
6.841666666666667,0.35420960783405886
6.85,0.35380720633236473
6.858333333333333,0.3531580005760695
6.866666666666666,0.35290700096789807
6.875,0.3525667751125239
6.883333333333333,0.3520001313111514
6.891666666666667,0.35141805465378284
6.8999999999999995,0.35083679253796074
6.908333333333333,0.3507979526341021
6.916666666666667,0.3503666590318437
6.925,0.34989050813671385
6.933333333333334,0.3495413958614153
6.941666666666666,0.3490612692090671
6.95,0.34872591965342603
6.958333333333333,0.3484548622420127
6.966666666666667,0.34791440051716105
6.975,0.34766106507276406
6.983333333333333,0.3475688151293357
6.991666666666666,0.3471248623656076
7.0,0.34705907383366097
7.008333333333333,0.34675296887423745
7.016666666666667,0.34663040906067133
7.0249999999999995,0.34634029294286184
7.033333333333333,0.3463980012003214
7.041666666666667,0.3461192443727481
7.05,0.34575097681385447
7.058333333333334,0.34529735976573717
7.066666666666666,0.34486722333888364
7.075,0.3446474738688312
7.083333333333333,0.3442305813222444
7.091666666666667,0.34377943447872283
7.1,0.34323605335991636
7.108333333333333,0.34303100731205394
7.116666666666666,0.34289454668851604
7.125,0.34270440855991624
7.133333333333333,0.34231318502772345
7.141666666666667,0.3418260137024316
7.1499999999999995,0.3418490713044835
7.158333333333333,0.3418996798640743
7.166666666666667,0.34154034771811514
7.175,0.3413339232105319
7.183333333333334,0.3406707930965047
7.191666666666666,0.340899613420123
7.2,0.3402818762479807
7.208333333333333,0.34000225481416924
7.216666666666667,0.340209462036134
7.225,0.3393741117024691
7.233333333333333,0.33959868642617796
7.241666666666666,0.3392472265462798
7.25,0.3389269825014545
7.258333333333333,0.3382867404541996
7.266666666666667,0.3378324197722542
7.2749999999999995,0.33722832077882425
7.283333333333333,0.3368011080811413
7.291666666666667,0.3361684068126567
7.3,0.3357475332461797
7.308333333333334,0.33520792039001046
7.316666666666666,0.33485851657367127
7.325,0.3344119123691185
7.333333333333333,0.33393029473395175
7.341666666666667,0.33353420694056846
7.35,0.33302429298183855
7.358333333333333,0.3324033078811919
7.366666666666666,0.3319082192865659
7.375,0.33138097066093075
7.383333333333333,0.331042247774167
7.391666666666667,0.3307044624980171
7.3999999999999995,0.329809554740363
7.408333333333333,0.3291970759265599
7.416666666666667,0.3285930282269549
7.425,0.3283504558976227
7.433333333333334,0.32778873275516873
7.441666666666666,0.32742666624167804
7.45,0.3271947483017186
7.458333333333333,0.3267178818860348
7.466666666666667,0.32621060060801477
7.475,0.32600349400608564
7.483333333333333,0.3258069123672771
7.491666666666666,0.32549556028271476
7.5,0.3253256953822561
7.508333333333333,0.3251238224174402
7.516666666666667,0.32504189945897966
7.5249999999999995,0.3246880527093601
7.533333333333333,0.3243879643162706
7.541666666666667,0.32403387844914255
7.55,0.3239148420080171
7.558333333333334,0.3235865153071604
7.566666666666666,0.32333512106487095
7.575,0.3229565802609493
7.583333333333333,0.32242374492115355
7.591666666666667,0.3222307855898763
7.6,0.32201400477945197
7.608333333333333,0.32180972706276867
7.616666666666666,0.3217226835738145
7.625,0.32129946566343026
7.633333333333333,0.32092090154271524
7.641666666666667,0.3206637045544285
7.6499999999999995,0.32055421145384977
7.658333333333333,0.3198994442131613
7.666666666666667,0.31964756187735777
7.675,0.31939198998036256
7.683333333333334,0.31887247098950366
7.691666666666666,0.3192819768746131
7.7,0.31919607063401223
7.708333333333333,0.3186905550468875
7.716666666666667,0.31849580740581596
7.725,0.31885728607004515
7.733333333333333,0.3184319813121075
7.741666666666666,0.3186442420477609
7.75,0.31824857670336426
7.758333333333333,0.31896037015747325
7.766666666666667,0.318434034294077
7.7749999999999995,0.31743999557276403
7.783333333333333,0.31838472458028644
7.791666666666667,0.31831419558405516
7.8,0.3173815376214584
7.808333333333334,0.3164662068419928
7.816666666666666,0.3164753970159353
7.825,0.3168425461150215
7.833333333333333,0.316691268044653
7.841666666666667,0.31602612280648157
7.85,0.3164863037643162
7.858333333333333,0.3167150126458811
7.866666666666666,0.31673126022546705
7.875,0.3166999137701314
7.883333333333333,0.31693050279100055
7.891666666666667,0.31709542736495333
7.8999999999999995,0.31735335037561785
7.908333333333333,0.31681345962981533
7.916666666666667,0.31664795465022855
7.925,0.316338232286568
7.933333333333334,0.3160214230156422
7.941666666666666,0.31600683642623206
7.95,0.3152869654771506
7.958333333333333,0.315234636336289
7.966666666666667,0.3151378051180258
7.975,0.3149918630050874
7.983333333333333,0.3150996097644623
7.991666666666666,0.31484816131581694
8.0,0.31454543848408867
8.008333333333333,0.31410665109829305
8.016666666666666,0.31376719851263624
8.025,0.3133544262006389
8.033333333333333,0.31338416629153
8.041666666666666,0.31299818399906987
8.05,0.3126743057373509
8.058333333333334,0.31250266749733546
8.066666666666666,0.31217798732349555
8.075,0.3114167938214252
8.083333333333334,0.31100647044901986
8.091666666666667,0.3107508857469161
8.1,0.3103363429853383
8.108333333333333,0.309755367694748
8.116666666666667,0.3091561970447294
8.125,0.3088607869033191
8.133333333333333,0.3081871921576118
8.141666666666666,0.30776337740040494
8.15,0.3069653515886046
8.158333333333333,0.3064296977998233
8.166666666666666,0.30600475870548993
8.175,0.3056470804044711
8.183333333333334,0.3050629184353162
8.191666666666666,0.30488855274233617
8.2,0.30425766479851535
8.208333333333334,0.3038176650539255
8.216666666666667,0.30329325249767236
8.225,0.3029124034884023
8.233333333333333,0.302455645557828
8.241666666666667,0.3022260525772775
8.25,0.3012229724369755
8.258333333333333,0.30078755167803806
8.266666666666666,0.30022448584247896
8.275,0.2995595325829554
8.283333333333333,0.298768190027066
8.291666666666666,0.29786971693937314
8.3,0.2970634717775642
8.308333333333334,0.2960995623260678
8.316666666666666,0.2951749668124761
8.325,0.29489573700506355
8.333333333333334,0.2943453863255163
8.341666666666667,0.2937152885728951
8.35,0.2929272478143108
8.358333333333333,0.2923847518017264
8.366666666666667,0.29195754448003597
8.375,0.29126987519954195
8.383333333333333,0.2906540423082993
8.391666666666666,0.28955671649475145
8.4,0.2889011690331893
8.408333333333333,0.28826777907734624
8.416666666666666,0.28707138184901515
8.425,0.286220065503485
8.433333333333334,0.285224102910711
8.441666666666666,0.2844328573641344
8.45,0.2836030991003311
8.458333333333334,0.28286024598228754
8.466666666666667,0.2821898244806391
8.475,0.28120876115598503
8.483333333333333,0.2803034010067953
8.491666666666667,0.27943377681785364
8.5,0.2789126627522427
8.508333333333333,0.27827356835918593
8.516666666666666,0.27753616437314554
8.525,0.2769468212595734
8.533333333333333,0.2762779929165271
8.541666666666666,0.27544667634575215
8.55,0.27509963225719924
8.558333333333334,0.27432958081697145
8.566666666666666,0.27364760244490927
8.575,0.27235732444114347
8.583333333333334,0.27189160012746405
8.591666666666667,0.27096546751391815
8.6,0.2700026643309992
8.608333333333333,0.2694905078621599
8.616666666666667,0.26825029814912194
8.625,0.2673162655051413
8.633333333333333,0.26657693503517166
8.641666666666666,0.26570705645960735
8.65,0.2651049929587306
8.658333333333333,0.2645717994380643
8.666666666666666,0.26411584280144584
8.675,0.26382563345894994
8.683333333333334,0.26383908965913383
8.691666666666666,0.26385879629623643
8.7,0.26357505120963065
8.708333333333334,0.2631639532163301
8.716666666666667,0.26319819409325174
8.725,0.2629456139983961
8.733333333333333,0.2627016287896995
8.741666666666667,0.2628377114921121
8.75,0.26292987358827746
8.758333333333333,0.2628500524506152
8.766666666666666,0.2627497054905723
8.775,0.26249093823033265
8.783333333333333,0.2627660664993161
8.791666666666666,0.2625590853628712
8.8,0.2624747420838931
8.808333333333334,0.26248745620752834
8.816666666666666,0.2627838817564925
8.825,0.2628325628948238
8.833333333333334,0.26309210327713406
8.841666666666667,0.2631691739044246
8.85,0.262946135170286
8.858333333333333,0.2627739242664693
8.866666666666667,0.26274056346745067
8.875,0.2627831916531411
8.883333333333333,0.2625418711847043
8.891666666666666,0.26226719807240295
8.9,0.2620048643203572
8.908333333333333,0.2617912110638938
8.916666666666666,0.2616815338487053
8.925,0.2612034157174128
8.933333333333334,0.2605887513305041
8.941666666666666,0.26032752573235096
8.95,0.2601824501678016
8.958333333333334,0.2599008891547283
8.966666666666667,0.25977586971957356
8.975,0.25961639990943786
8.983333333333333,0.25942310606392827
8.991666666666667,0.2594903773755026
9.0,0.2593773027805022
9.008333333333333,0.2594072809764305
9.016666666666666,0.2590875313530532
9.025,0.2588557308887911
9.033333333333333,0.2584884334657991
9.041666666666666,0.25853960188470704
9.05,0.25887169465456994
9.058333333333334,0.2591048728296619
9.066666666666666,0.2591948799292976
9.075,0.25937564308632877
9.083333333333334,0.2594152899537543
9.091666666666667,0.25973496899391235
9.1,0.25988826519919583
9.108333333333333,0.25975714930008564
9.116666666666667,0.25992708975710377
9.125,0.26017473669084556
9.133333333333333,0.26085545563139534
9.141666666666666,0.26093681750705877
9.15,0.2611274490894777
9.158333333333333,0.26142709524246444
9.166666666666666,0.26146761160177134
9.175,0.2615547422446489
9.183333333333334,0.2611843219655545
9.191666666666666,0.2611484805978104
9.2,0.26098067086204924
9.208333333333334,0.2607689823766275
9.216666666666667,0.26062255506730403
9.225,0.26067150606281664
9.233333333333333,0.26025597060324435
9.241666666666667,0.2602806428213902
9.25,0.26031201076642807
9.258333333333333,0.25997338902688827
9.266666666666666,0.2602799687197048
9.275,0.26002831168551
9.283333333333333,0.2599194421690414
9.291666666666666,0.2598909344211562
9.3,0.26008037659325245
9.308333333333334,0.2602704886582954
9.316666666666666,0.2598481023630048
9.325,0.2594985286175755
9.333333333333334,0.2594432181872559
9.341666666666667,0.2592125505731613
9.35,0.25858220826802825
9.358333333333333,0.258387715110314
9.366666666666667,0.2580968351967037
9.375,0.25773025114835124
9.383333333333333,0.2574844853607341
9.391666666666666,0.2573220169033068
9.4,0.2568638118898645
9.408333333333333,0.2566750370762134
9.416666666666666,0.25636197431982866
9.425,0.25598964280302394
9.433333333333334,0.2559131859584165
9.441666666666666,0.25609147705515944
9.45,0.2562804819377862
9.458333333333334,0.25668034554056063
9.466666666666667,0.2568039921803611
9.475,0.25693062155989943
9.483333333333333,0.25700872924167384
9.491666666666667,0.2572891653140714
9.5,0.25767013025160623
9.508333333333333,0.2581239154091002
9.516666666666666,0.25843184011814335
9.525,0.25870897591161346
9.533333333333333,0.25933034664288646
9.541666666666666,0.25966275286097784
9.55,0.2596253081178235
9.558333333333334,0.26000899798292565
9.566666666666666,0.260429456367286
9.575,0.26091164326169514
9.583333333333334,0.26131718063879017
9.591666666666667,0.2613772082630146
9.6,0.26150711123795256
9.608333333333333,0.2617961871748382
9.616666666666667,0.26189121236106483
9.625,0.2625187420949513
9.633333333333333,0.2628555952955305
9.641666666666666,0.2629625887178224
9.65,0.2635083385176755
9.658333333333333,0.26403464345190675
9.666666666666666,0.26444357628230253
9.675,0.26475517514717506
9.683333333333334,0.2652920339078728
9.691666666666666,0.2658236161974221
9.7,0.2661587439843145
9.708333333333334,0.2667275793175672
9.716666666666667,0.2674354333924227
9.725,0.2683050424886997
9.733333333333333,0.2689219858068024
9.741666666666667,0.2693823914828235
9.75,0.2698688458326526
9.758333333333333,0.2700740994447084
9.766666666666666,0.2703928657013883
9.775,0.2705576262462339
9.783333333333333,0.27076509135302484
9.791666666666666,0.2710865108088132
9.8,0.2713542014722894
9.808333333333334,0.27146707057255615
9.816666666666666,0.27183220370360384
9.825,0.2723938828469792
9.833333333333334,0.27281603315736214
9.841666666666667,0.2731723996317068
9.85,0.2735829803276355
9.858333333333333,0.27418663288817946
9.866666666666667,0.2748037909117489
9.875,0.2752259237733179
9.883333333333333,0.27575147889293494
9.891666666666666,0.27631581773816527
9.9,0.27697650668627305
9.908333333333333,0.27756901201608564
9.916666666666666,0.27834393029456295
9.925,0.2792171926166003
9.933333333333334,0.2800064433668339
9.941666666666666,0.2806409026984795
9.95,0.2812670306653515
9.958333333333334,0.28185358987458864
9.966666666666667,0.2827015038040175
9.975,0.28339536535922405
9.983333333333333,0.28398024193653515
9.991666666666667,0.2849363776870344
10.0,0.2856182527169209
10.008333333333333,0.28657638595120805
10.016666666666666,0.28728353689041386
10.025,0.28800486407389614
10.033333333333333,0.2888049043682901
10.041666666666666,0.28917241181139786
10.05,0.2894233071182222
10.058333333333334,0.2897990099797154
10.066666666666666,0.28974796208298326
10.075,0.28984648331364404
10.083333333333334,0.2901309711426199
10.091666666666667,0.29052268509056156
10.1,0.2907568626138892
10.108333333333333,0.2908106195980822
10.116666666666667,0.2908645514750827
10.125,0.29061722074749485
10.133333333333333,0.2907910353728882
10.141666666666666,0.29074208506471266
10.15,0.2909371975221362
10.158333333333333,0.29123794281712323
10.166666666666666,0.2913937675423648
10.175,0.2921221514331862
10.183333333333334,0.29260738448690593
10.191666666666666,0.2935197835591674
10.2,0.29360019090123823
10.208333333333334,0.29379244832629503
10.216666666666667,0.29415532096058206
10.225,0.2945976983826233
10.233333333333333,0.29538591503185274
10.241666666666667,0.29559279408596484
10.25,0.2958152545091739
10.258333333333333,0.2959185664714785
10.266666666666666,0.2960017289940857
10.275,0.2960543914282101
10.283333333333333,0.29618340037251745
10.291666666666666,0.295847178816522
10.3,0.29597386221109634
10.308333333333334,0.29624067601041215
10.316666666666666,0.2965611864191007
10.325,0.2971154542167058
10.333333333333334,0.29714523275243754
10.341666666666667,0.29686843714949274
10.35,0.29720413811352575
10.358333333333333,0.29746974472231336
10.366666666666667,0.2973560346855122
10.375,0.29699926330995585
10.383333333333333,0.2972615186450993
10.391666666666666,0.29748669728430954
10.4,0.2977255082492616
10.408333333333333,0.29765382862665235
10.416666666666666,0.29787355906760316
10.425,0.29759370961159304
10.433333333333334,0.2976127446044008
10.441666666666666,0.29807874432829284
10.45,0.29822401218642347
10.458333333333334,0.29838286086034627
10.466666666666667,0.29866437472499174
10.475,0.2994547317504257
10.483333333333333,0.2999149612541143
10.491666666666667,0.30018045923759895
10.5,0.30033165222348157
10.508333333333333,0.3011236543666864
10.516666666666666,0.30148183629724024
10.525,0.3020928372484808
10.533333333333333,0.30253161836927167
10.541666666666666,0.30282056323428064
10.55,0.30326587520938286
10.558333333333334,0.3033467336817026
10.566666666666666,0.3033643091320719
10.575,0.3036761163372148
10.583333333333334,0.3037626099930604
10.591666666666667,0.3036893233581264
10.6,0.30408235003267237
10.608333333333333,0.3042232059763397
10.616666666666667,0.30392461358556977
10.625,0.30413508180227833
10.633333333333333,0.30465351633245996
10.641666666666666,0.30473519535058746
10.65,0.30507993273904965
10.658333333333333,0.3049936145010361
10.666666666666666,0.30536423978879856
10.675,0.3054670531208461
10.683333333333334,0.30579442501330156
10.691666666666666,0.3056852356534814
10.7,0.30596436072866573
10.708333333333334,0.30575475531770313
10.716666666666667,0.3056912604378421
10.725,0.30562149354120316
10.733333333333333,0.30540789723060535
10.741666666666667,0.3056896666005515
10.75,0.30515448960251423
10.758333333333333,0.3052305100383683
10.766666666666666,0.3048829912297435
10.775,0.30470725249921893
10.783333333333333,0.3048477117496846
10.791666666666666,0.30475579870159164
10.8,0.3047820570772868
10.808333333333334,0.3046743577702815
10.816666666666666,0.30511395495926763
10.825,0.3050108062089061
10.833333333333334,0.30507483595880247
10.841666666666667,0.30521886380064767
10.85,0.3050423957981401
10.858333333333333,0.305392829352644
10.866666666666667,0.3053891209110535
10.875,0.30530449434530715
10.883333333333333,0.3058447482444908
10.891666666666666,0.3054009514101015
10.9,0.30558147139958436
10.908333333333333,0.30586420772776557
10.916666666666666,0.3061950198903418
10.925,0.30602108581369114
10.933333333333334,0.30669652861523433
10.941666666666666,0.30668278432062346
10.95,0.30730153587555753
10.958333333333334,0.30727928911019986
10.966666666666667,0.3070993069648382
10.975,0.3071768082302555
10.983333333333333,0.3073397579715609
10.991666666666667,0.30680893694227285
11.0,0.3072638638798575
11.008333333333333,0.3071181419171909
11.016666666666666,0.30741839050261377
11.025,0.3078603036257537
11.033333333333333,0.30794622101143054
11.041666666666666,0.307822317454437
11.05,0.3077135548583063
11.058333333333334,0.3081862560815283
11.066666666666666,0.3079411661345006
11.075,0.30765463942639193
11.083333333333334,0.30743406714040566
11.091666666666667,0.3073542154932094
11.1,0.3073934987425664
11.108333333333333,0.30736960541132485
11.116666666666667,0.3072521529253358
11.125,0.3075320577373706
11.133333333333333,0.3073721944634977
11.141666666666666,0.307109921571044
11.15,0.3072974390375669
11.158333333333333,0.3070509723763757
11.166666666666666,0.306945324200006
11.175,0.3066068033102123
11.183333333333334,0.3064170027630051
11.191666666666666,0.3063889651578082
11.2,0.30623430912635685
11.208333333333334,0.30620412675185404
11.216666666666667,0.30625010678171516
11.225,0.3060505220725285
11.233333333333333,0.30544645105936397
11.241666666666667,0.30527658299986893
11.25,0.30464349718964634
11.258333333333333,0.30386991004439157
11.266666666666666,0.3034796883998909
11.275,0.3029838634254103
11.283333333333333,0.3026826744973612
11.291666666666666,0.30211410169211694
11.3,0.30132019896565665
11.308333333333334,0.3007357314344201
11.316666666666666,0.3001064682814283
11.325,0.2996088520424769
11.333333333333334,0.2987297381825429
11.341666666666667,0.29793438724685184
11.35,0.29720479670250977
11.358333333333333,0.2962618193205324
11.366666666666667,0.2956603857794775
11.375,0.2946751440293205
11.383333333333333,0.29425282118057505
11.391666666666666,0.2933749797454821
11.4,0.2928638907206256
11.408333333333333,0.2922525108222487
11.416666666666666,0.29174007837634885
11.425,0.29078833592615316
11.433333333333334,0.29014779760257015
11.441666666666666,0.2894638588348717
11.45,0.2888105814945401
11.458333333333334,0.2880031517287802
11.466666666666667,0.2867908651854587
11.475,0.28604885921521817
11.483333333333333,0.2853090819393935
11.491666666666667,0.28464674542404045
11.5,0.2839208016927133
11.508333333333333,0.28318562616230736
11.516666666666666,0.2825601571890568
11.525,0.28165912583028585
11.533333333333333,0.2808727352821234
11.541666666666666,0.2802096980513573
11.55,0.27958351882246824
11.558333333333334,0.27870571351665197
11.566666666666666,0.27772061281948424
11.575,0.2766740910078338
11.583333333333334,0.2755978517679849
11.591666666666667,0.2748902666522717
11.6,0.2737821586685256
11.608333333333333,0.27314001316853753
11.616666666666667,0.27240626108734545
11.625,0.27158261007834805
11.633333333333333,0.2711744730921577
11.641666666666666,0.2704013642775649
11.65,0.2694473420981307
11.658333333333333,0.2687876029106486
11.666666666666666,0.26792439165201953
11.675,0.26725203290016597
11.683333333333334,0.2662813541275848
11.691666666666666,0.26530218585748067
11.7,0.26461129839362596
11.708333333333334,0.26362874578950923
11.716666666666667,0.26259497482126926
11.725,0.2617800779663886
11.733333333333333,0.2608208053107599
11.741666666666667,0.2602213827571067
11.75,0.25934526013458137
11.758333333333333,0.2583133828970188
11.766666666666666,0.2571287215249156
11.775,0.25631789525337756
11.783333333333333,0.25576772806898873
11.791666666666666,0.2554259340529128
11.8,0.25415769287075984
11.808333333333334,0.253433098522279
11.816666666666666,0.25266156935292794
11.825,0.25191629555038264
11.833333333333334,0.250578145982683
11.841666666666667,0.24954790296466478
11.85,0.24904749357992562
11.858333333333333,0.24810231972994634
11.866666666666667,0.2471431678271898
11.875,0.2466065037072811
11.883333333333333,0.24520764616453672
11.891666666666666,0.2444819285049118
11.9,0.2436456153197315
11.908333333333333,0.24239729161186574
11.916666666666666,0.24149901995844614
11.925,0.2405929296724023
11.933333333333334,0.23942751103644544
11.941666666666666,0.23871102222454077
11.95,0.23777673926033271
11.958333333333334,0.2367008100769803
11.966666666666667,0.23569704151711668
11.975,0.23413016204550008
11.983333333333333,0.23252202799104205
11.991666666666667,0.2312333411914007
12.0,0.2299937047033147
12.008333333333333,0.2285503141007128
12.016666666666666,0.22706199181478381
12.025,0.22577524457281184
12.033333333333333,0.2245072117292779
12.041666666666666,0.22315778393200714
12.05,0.22184138765530048
12.058333333333334,0.22095510339541513
12.066666666666666,0.21991361322905512
12.075,0.21868268408310554
12.083333333333334,0.21773467493617704
12.091666666666667,0.2166232956682732
12.1,0.21585727692031953
12.108333333333333,0.21544198642254764
12.116666666666667,0.21426847394830184
12.125,0.21383176961491923
12.133333333333333,0.21311363750501866
12.141666666666666,0.2126415710334626
12.15,0.21242639332756008
12.158333333333333,0.21196960692608102
12.166666666666666,0.21146342058570244
12.175,0.21066769977806699
12.183333333333334,0.21032536243297084
12.191666666666666,0.20941417656816408
12.2,0.20824590396014675
12.208333333333334,0.20724455789295804
12.216666666666667,0.20686736557388996
12.225,0.2061421108229391
12.233333333333333,0.2051879165190158
12.241666666666667,0.2046492662875634
12.25,0.20360646808991878
12.258333333333333,0.2029677914457082
12.266666666666666,0.20238284945632223
12.275,0.20183691808307658
12.283333333333333,0.2011405581967287
12.291666666666666,0.20060407149187776
12.3,0.1996775657690728
12.308333333333334,0.1990782152184254
12.316666666666666,0.1980389367102744
12.325,0.1970579740064038
12.333333333333334,0.19636380926726016
12.341666666666667,0.19537098041557832
12.35,0.1944847378594916
12.358333333333333,0.19346164032695312
12.366666666666667,0.192709408251154
12.375,0.19177437251854945
12.383333333333333,0.19089207606801373
12.391666666666666,0.19015772332547543
12.4,0.18933245438617896
12.408333333333333,0.1887785851556918
12.416666666666666,0.18837741751442127
12.425,0.18800951909329378
12.433333333333334,0.1870482785744807
12.441666666666666,0.18632736623613022
12.45,0.18535562140905903
12.458333333333334,0.18486068210736972
12.466666666666667,0.1839074315187441
12.475,0.1835483232016184
12.483333333333333,0.18282799315228404
12.491666666666667,0.18199253957626582
12.5,0.18130366764332506
12.508333333333333,0.18060963271283725
12.516666666666666,0.17944331972722072
12.525,0.17890220388923495
12.533333333333333,0.17828183653233842
12.541666666666666,0.17727025080280723
12.55,0.1765314411585479
12.558333333333334,0.17565390426479488
12.566666666666666,0.17488606404978957
12.575,0.17386056662573668
12.583333333333334,0.172676721550866
12.591666666666667,0.17108721549581118
12.6,0.1700840913618029
12.608333333333333,0.16838721065054574
12.616666666666667,0.16730951863837062
12.625,0.1656960825957401
12.633333333333333,0.16463889356498473
12.641666666666666,0.16333266439786032
12.65,0.16238850617937017
12.658333333333333,0.16124502082635428
12.666666666666666,0.16028160360534938
12.675,0.15910822083089715
12.683333333333334,0.15761970727976937
12.691666666666666,0.1566492439475109
12.7,0.15545315715343655
12.708333333333334,0.1545187395294323
12.716666666666667,0.15289034805076795
12.725,0.15163130512601186
12.733333333333333,0.1504264068938057
12.741666666666667,0.14984819773353064
12.75,0.14883658859196935
12.758333333333333,0.14788258810803034
12.766666666666666,0.14725504208451934
12.775,0.14637799625487768
12.783333333333333,0.1455710084078452
12.791666666666666,0.1445124961382318
12.8,0.14355689573277775
12.808333333333334,0.14243975874141945
12.816666666666666,0.14207639184998078
12.825,0.14113966052421834
12.833333333333334,0.1405865430270099
12.841666666666667,0.13995963736749828
12.85,0.1390966616992957
12.858333333333333,0.1381782556090776
12.866666666666667,0.13752434900759436
12.875,0.1361999156961966
12.883333333333333,0.1354871095023107
12.891666666666666,0.1347400783253716
12.9,0.13345245491516078
12.908333333333333,0.1324234612307036
12.916666666666666,0.13132265701011958
12.924999999999999,0.1308515345559158
12.933333333333334,0.12974089607102934
12.941666666666666,0.12895735316209067
12.95,0.1279502795159968
12.958333333333334,0.12737444213935967
12.966666666666667,0.12648901448974437
12.975,0.12588284076737244
12.983333333333333,0.12512710172188002
12.991666666666667,0.12441058437700492
13.0,0.12340781275813906
13.008333333333333,0.12283834457164589
13.016666666666666,0.12216359135069599
13.025,0.12160674264453553
13.033333333333333,0.12103654375897066
13.041666666666666,0.12055986204810631
13.049999999999999,0.12023649174462059
13.058333333333334,0.11950338181166575
13.066666666666666,0.11890867004597072
13.075,0.11774776942203746
13.083333333333334,0.11690790638160697
13.091666666666667,0.1163189726061793
13.1,0.11552230074802461
13.108333333333333,0.11483219232444886
13.116666666666667,0.11371767370262664
13.125,0.11289366350353092
13.133333333333333,0.11236803297196807
13.141666666666666,0.11143977414974482
13.15,0.11072613592265457
13.158333333333333,0.11013061482781294
13.166666666666666,0.10957434175139924
13.174999999999999,0.1087475102808877
13.183333333333334,0.10799977772775704
13.191666666666666,0.10736084388059353
13.2,0.1063274291274725
13.208333333333334,0.1055476908780224
13.216666666666667,0.10470675918472239
13.225,0.10375134872376557
13.233333333333333,0.1032442307900936
13.241666666666667,0.1026173051829955
13.25,0.10191341407809285
13.258333333333333,0.10109554202664328
13.266666666666666,0.10018298190435715
13.275,0.09932452797369473
13.283333333333333,0.09852166335917145
13.291666666666666,0.09774249720343331
13.299999999999999,0.09664949874475948
13.308333333333334,0.09593917153922171
13.316666666666666,0.09538519700101555
13.325,0.09462715615900219
13.333333333333334,0.09362723361998393
13.341666666666667,0.09260241717697015
13.35,0.0914197097510141
13.358333333333333,0.09091638123567747
13.366666666666667,0.08989432468998793
13.375,0.0893708027658251
13.383333333333333,0.08868239688384127
13.391666666666666,0.08820334983918032
13.4,0.08730049384932403
13.408333333333333,0.0864981401983953
13.416666666666666,0.08551548582576252
13.424999999999999,0.0845314759737179
13.433333333333334,0.0843641732121454
13.441666666666666,0.0837741289234244
13.45,0.08298798556439735
13.458333333333334,0.08241038291863423
13.466666666666667,0.0817527830708944
13.475,0.08071888948294181
13.483333333333333,0.0799155264336473
13.491666666666667,0.0791777037777619
13.5,0.07840060270997284
13.508333333333333,0.07813796205474843
13.516666666666666,0.07757233679619535
13.525,0.07714413471378245
13.533333333333333,0.07682627030914624
13.541666666666666,0.07628532114370845
13.549999999999999,0.07563768200249643
13.558333333333334,0.07484388499579886
13.566666666666666,0.07403475142154448
13.575,0.07318976460535964
13.583333333333334,0.07245991878715863
13.591666666666667,0.07200115322656941
13.6,0.07139148118976335
13.608333333333333,0.0709390416147484
13.616666666666667,0.06999426825572219
13.625,0.06930769157730521
13.633333333333333,0.0687708052405458
13.641666666666666,0.06793119629048183
13.65,0.06715955897874681
13.658333333333333,0.06633107072363731
13.666666666666666,0.06556313754021414
13.674999999999999,0.06457902335374865
13.683333333333334,0.06372839293238908
13.691666666666666,0.062450284355518804
13.7,0.06164396559326035
13.708333333333334,0.060709322166390356
13.716666666666667,0.05967559112129428
13.725,0.05858411784694684
13.733333333333333,0.057998240523385425
13.741666666666667,0.05722431505873171
13.75,0.05606907856606558
13.758333333333333,0.05557356749967135
13.766666666666666,0.05484015226779837
13.775,0.05398698431420512
13.783333333333333,0.05332238771982545
13.791666666666666,0.05309797324122023
13.799999999999999,0.05240565172979039
13.808333333333334,0.05194778398385291
13.816666666666666,0.05155593183538665
13.825,0.05081429821515826
13.833333333333334,0.05001671644198802
13.841666666666667,0.0493660425058533
13.85,0.04838920037560124
13.858333333333333,0.04741968747529168
13.866666666666667,0.04684539201806315
13.875,0.04623723390696477
13.883333333333333,0.045645365731740384
13.891666666666666,0.044720908500452516
13.9,0.04416526373154106
13.908333333333333,0.04347281608945397
13.916666666666666,0.04285074320358384
13.924999999999999,0.042489201436971324
13.933333333333334,0.042123048565693155
13.941666666666666,0.04174292023719395
13.95,0.04124963648665836
13.958333333333334,0.0407435090065742
13.966666666666667,0.04033461456444387
13.975,0.03989465315081464
13.983333333333333,0.038990059703132074
13.991666666666667,0.03841849655047658
14.0,0.0378011489705008
14.008333333333333,0.0372216624301589
14.016666666666666,0.036855124215855906
14.025,0.03661935069078792
14.033333333333333,0.03615796692044837
14.041666666666666,0.03554535627625799
14.049999999999999,0.035233502533080996
14.058333333333334,0.0348723048180648
14.066666666666666,0.03467712128945721
14.075,0.03441916629992536
14.083333333333334,0.03443519023740471
14.091666666666667,0.03436220625558106
14.1,0.03440484355480544
14.108333333333333,0.034190050650973136
14.116666666666667,0.03426404099093694
14.125,0.03425830653845541
14.133333333333333,0.0341481871383571
14.141666666666666,0.03384053889613203
14.15,0.033825507466725746
14.158333333333333,0.033537624994513404
14.166666666666666,0.03318574483709624
14.174999999999999,0.032925797621153
14.183333333333334,0.03235203884005333
14.191666666666666,0.03181051768577725
14.2,0.03163382097573009
14.208333333333334,0.031336869080963003
14.216666666666667,0.030879845852314736
14.225,0.030432511297550757
14.233333333333333,0.03011655060856233
14.241666666666667,0.029490909589343417
14.25,0.029068561226830214
14.258333333333333,0.028675845683528323
14.266666666666666,0.02814675088870211
14.275,0.027684370720314933
14.283333333333333,0.02724595397299656
14.291666666666666,0.026716423218228424
14.299999999999999,0.02613711098967153
14.308333333333334,0.02584547934589465
14.316666666666666,0.025515836207280485
14.325,0.024736718979680328
14.333333333333334,0.02426175390190921
14.341666666666667,0.023744641028817348
14.35,0.023139573866145735
14.358333333333333,0.022724644317814402
14.366666666666667,0.022131624636510194
14.375,0.021680419686969987
14.383333333333333,0.02118376678539735
14.391666666666666,0.020267302000838594
14.4,0.019838672287744608
14.408333333333333,0.01933680387699499
14.416666666666666,0.0189740899390618
14.424999999999999,0.018457710935892768
14.433333333333334,0.017964132962182022
14.441666666666666,0.0175731061913158
14.45,0.01685588129824267
14.458333333333334,0.016616510825732567
14.466666666666667,0.016059015583493208
14.475,0.015416943895877555
14.483333333333333,0.014983563173403214
14.491666666666667,0.014667608020324518
14.5,0.014425376693879555
14.508333333333333,0.013717162304214048
14.516666666666666,0.013341925514342323
14.525,0.012861513794662605
14.533333333333333,0.012545520349383388
14.541666666666666,0.011835209863162444
14.549999999999999,0.011187001778650174
14.558333333333334,0.010679384359094435
14.566666666666666,0.009971141261242655
14.575,0.009371943746225408
14.583333333333334,0.008922350843939109
14.591666666666667,0.008095547694633387
14.6,0.007515537000576833
14.608333333333333,0.007021644454826781
14.616666666666667,0.006334578217739972
14.625,0.006078114051736527
14.633333333333333,0.0053675213212009965
14.641666666666666,0.004416677512343092
14.65,0.0037056851700509874
14.658333333333333,0.0028198748981971278
14.666666666666666,0.0021997747732196427
14.674999999999999,0.00140147519386713
14.683333333333334,0.00071196849316979
14.691666666666666,-7.282157232180175e-05
14.7,-0.000985422587257423
14.708333333333334,-0.0018491202641545135
14.716666666666667,-0.0029668735018116843
14.725,-0.0038951062474734677
14.733333333333333,-0.004704044204176472
14.741666666666667,-0.005319798356666405
14.75,-0.005964855059635954
14.758333333333333,-0.0066485090326652285
14.766666666666666,-0.007362918967998233
14.775,-0.008143526552154112
14.783333333333333,-0.008457703119393645
14.791666666666666,-0.00914664141462218
14.799999999999999,-0.009954296577436406
14.808333333333334,-0.010521211894197191
14.816666666666666,-0.011192522529849924
14.825,-0.011408014086111695
14.833333333333334,-0.012207861840964451
14.841666666666667,-0.012796567526041414
14.85,-0.013442491809181556
14.858333333333333,-0.01420414560889427
14.866666666666667,-0.014701844950689269
14.875,-0.015233022581566558
14.883333333333333,-0.015899336521727703
14.891666666666666,-0.016541198637286425
14.9,-0.01728096938962731
14.908333333333333,-0.017857147006327012
14.916666666666666,-0.018176984593151646
14.924999999999999,-0.01858485532718568
14.933333333333334,-0.01889975028757951
14.941666666666666,-0.019158177040345392
14.95,-0.01988852441508282
14.958333333333334,-0.02067586339604921
14.966666666666667,-0.021755625635056508
14.975,-0.022148654233618337
14.983333333333333,-0.022781933873770588
14.991666666666667,-0.022853135285796133
15.0,-0.02322104103361089
15.008333333333333,-0.02401571908789868
15.016666666666666,-0.024527311808362318
15.025,-0.026131716392818194
15.033333333333333,-0.026882880223937478
15.041666666666666,-0.027749802822740532
15.049999999999999,-0.028179840183057747
15.058333333333334,-0.028856870293572423
15.066666666666666,-0.02955582962395098
15.075,-0.030232074246562157
15.083333333333334,-0.03100951581284639
15.091666666666667,-0.03203810396881601
15.1,-0.03279184652518485
15.108333333333333,-0.033490201933289665
15.116666666666667,-0.03415103064764291
15.125,-0.03498274254480016
15.133333333333333,-0.03580713793491774
15.141666666666666,-0.03648212411621066
15.15,-0.0375048647487094
15.158333333333333,-0.038162100336043836
15.166666666666666,-0.038855657110966724
15.174999999999999,-0.03998794605867373
15.183333333333334,-0.040630399560620756
15.191666666666666,-0.041048031036254096
15.2,-0.041898647547419565
15.208333333333334,-0.042875749238608596
15.216666666666667,-0.04373624815347954
15.225,-0.04454824483321407
15.233333333333333,-0.04529112898021481
15.241666666666667,-0.04603293717777868
15.25,-0.04692426045263087
15.258333333333333,-0.04785763657792719
15.266666666666666,-0.04833050683299456
15.275,-0.049312676076876616
15.283333333333333,-0.05028448155479315
15.291666666666666,-0.05102859740229326
15.299999999999999,-0.05182049364700747
15.308333333333334,-0.05266783180507084
15.316666666666666,-0.05336170193784162
15.325,-0.054253543824461126
15.333333333333334,-0.054854227523824184
15.341666666666667,-0.0559140534843493
15.35,-0.05730239271745641
15.358333333333333,-0.05834317087306795
15.366666666666667,-0.059311337777774975
15.375,-0.06049207153713898
15.383333333333333,-0.06178102290427767
15.391666666666666,-0.06259648557781528
15.4,-0.06381749085903743
15.408333333333333,-0.06542164276869578
15.416666666666666,-0.06651398172853817
15.424999999999999,-0.06777340815801847
15.433333333333334,-0.06919564707908821
15.441666666666666,-0.07045308646517734
15.45,-0.07181253094968154
15.458333333333334,-0.07256566656806518
15.466666666666667,-0.07381271274499723
15.475,-0.07519438363569764
15.483333333333333,-0.07676778546017582
15.491666666666667,-0.07792691735362711
15.5,-0.07915303185328915
15.508333333333333,-0.08070348031213348
15.516666666666666,-0.08203714410791563
15.525,-0.08347516175104674
15.533333333333333,-0.0845152969382158
15.541666666666666,-0.0857270794546946
15.549999999999999,-0.08716981344383656
15.558333333333334,-0.08824128705674761
15.566666666666666,-0.08951024194948143
15.575,-0.0908978574681234
15.583333333333334,-0.09250559657506963
15.591666666666667,-0.0937354160118059
15.6,-0.09463052069597744
15.608333333333333,-0.09584837426593773
15.616666666666667,-0.0970682909653543
15.625,-0.0983969756950489
15.633333333333333,-0.09986598320076356
15.641666666666666,-0.10123136847046976
15.65,-0.10233725747687639
15.658333333333333,-0.10397620690988696
15.666666666666666,-0.10552709313999842
15.674999999999999,-0.1067558871885198
15.683333333333334,-0.10789812135264332
15.691666666666666,-0.10900729948991816
15.7,-0.11034273949831463
15.708333333333334,-0.11140134124462553
15.716666666666667,-0.1124665308283378
15.725,-0.11223883792942713
15.733333333333333,-0.11336057030276459
15.741666666666667,-0.1146013376057975
15.75,-0.11528730599117076
15.758333333333333,-0.11640652727505418
15.766666666666666,-0.11749792609012022
15.775,-0.11888243522390352
15.783333333333333,-0.12030106646497074
15.791666666666666,-0.12074948930399332
15.799999999999999,-0.1217934312472917
15.808333333333334,-0.12327287333658266
15.816666666666666,-0.12457158947781843
15.825,-0.12587178766728402
15.833333333333334,-0.12720871263661493
15.841666666666667,-0.12807911581143727
15.85,-0.1290167313273699
15.858333333333333,-0.13031620342949346
15.866666666666667,-0.1315386665320365
15.875,-0.1321052110434765
15.883333333333333,-0.13349003059066333
15.891666666666666,-0.13488969503199677
15.9,-0.13644505347848457
15.908333333333333,-0.13746031214673182
15.916666666666666,-0.1385521118001407
15.924999999999999,-0.13946880873421486
15.933333333333334,-0.14097509910424688
15.941666666666666,-0.1420368621703002
15.95,-0.14264199562674118
15.958333333333334,-0.14410421033808118
15.966666666666667,-0.14523181656111328
15.975,-0.14626253589096383
15.983333333333333,-0.1471042389492968
15.991666666666667,-0.14812287993965556
16.0,-0.1486559546073647
16.008333333333333,-0.14993140485094658
16.016666666666666,-0.1506445903536061
16.025,-0.15091364599699175
16.03333333333333,-0.1515616926703809
16.041666666666668,-0.15235022262740328
16.05,-0.15331550273051897
16.058333333333334,-0.15422591521580298
16.066666666666666,-0.15466080486325595
16.075,-0.15541954101685307
16.083333333333332,-0.1567502230082115
16.091666666666665,-0.15772586485633733
16.1,-0.1586498890133674
16.108333333333334,-0.1595473235999303
16.116666666666667,-0.16039442694404515
16.125,-0.1610986882058132
16.133333333333333,-0.16161308349968517
16.141666666666666,-0.16223349649265772
16.15,-0.16264231021225573
16.15833333333333,-0.1636058272994123
16.166666666666668,-0.16401109029843453
16.175,-0.1645024106736771
16.183333333333334,-0.16520270812446947
16.191666666666666,-0.16544160177604805
16.2,-0.16604434341893903
16.208333333333332,-0.16668429499272785
16.216666666666665,-0.16673159092809509
16.225,-0.16732640882155536
16.233333333333334,-0.16790553682183407
16.241666666666667,-0.1683776333761111
16.25,-0.1686489258610966
16.258333333333333,-0.16864933842540253
16.266666666666666,-0.16921805177546545
16.275,-0.16892152606783484
16.28333333333333,-0.16964897369135956
16.291666666666668,-0.1696286466933986
16.3,-0.16947008822270515
16.308333333333334,-0.16960550249611595
16.316666666666666,-0.17013881922009577
16.325,-0.17078201988703412
16.333333333333332,-0.17143385674179268
16.341666666666665,-0.17207293269657875
16.35,-0.17232283395840298
16.358333333333334,-0.17257236868928416
16.366666666666667,-0.17245705634297437
16.375,-0.1731170593585517
16.383333333333333,-0.1736061103407912
16.391666666666666,-0.17400241926337767
16.4,-0.17421309358853843
16.40833333333333,-0.1749267443277921
16.416666666666668,-0.17509115111161
16.425,-0.1745601988920953
16.433333333333334,-0.1746412953762737
16.441666666666666,-0.17531480102654662
16.45,-0.1750993157414883
16.458333333333332,-0.17537286464530943
16.466666666666665,-0.1748818483664668
16.475,-0.1751282512526815
16.483333333333334,-0.1755089180155056
16.491666666666667,-0.175445714845046
16.5,-0.17558071483271875
16.508333333333333,-0.1755367466668415
16.516666666666666,-0.1754218499810556
16.525,-0.1758095928791228
16.53333333333333,-0.17624960592849714
16.541666666666668,-0.17667278793760166
16.55,-0.17757071637049782
16.558333333333334,-0.1775794337900345
16.566666666666666,-0.17759533947189854
16.575,-0.17778292634619886
16.583333333333332,-0.1784524796676059
16.591666666666665,-0.17911883547107488
16.6,-0.1804799982846681
16.608333333333334,-0.18067356390484923
16.616666666666667,-0.18175525062655817
16.625,-0.1820102128854264
16.633333333333333,-0.1824846876823274
16.641666666666666,-0.18259528828686467
16.65,-0.18291987757913164
16.65833333333333,-0.18357943747278127
16.666666666666668,-0.18418522952348015
16.675,-0.18557400780747724
16.683333333333334,-0.18523218734899916
16.691666666666666,-0.18469427422439255
16.7,-0.18536287850021127
16.708333333333332,-0.1865980101416741
16.716666666666665,-0.18713282483456295
16.725,-0.18801246059211052
16.733333333333334,-0.18799766776943827
16.741666666666667,-0.188737321924503
16.75,-0.18863181141899066
16.758333333333333,-0.1890969178704177
16.766666666666666,-0.18877670322867168
16.775,-0.18950727459619565
16.78333333333333,-0.18936323679112177
16.791666666666668,-0.1905454445964483
16.8,-0.19138274426791946
16.808333333333334,-0.19130894048418978
16.816666666666666,-0.19065434890461253
16.825,-0.1916449791917202
16.833333333333332,-0.19139719186183635
16.841666666666665,-0.19084140117394888
16.85,-0.19114403669603375
16.858333333333334,-0.1911168293815525
16.866666666666667,-0.1916389986641306
16.875,-0.19214003460271123
16.883333333333333,-0.19131487787967838
16.891666666666666,-0.19133472694987386
16.9,-0.1917385110791301
16.90833333333333,-0.19292263905260743
16.916666666666668,-0.1934050171760373
16.925,-0.194011863231897
16.933333333333334,-0.19532432644614717
16.941666666666666,-0.1963962873373375
16.95,-0.1975704229534767
16.958333333333332,-0.19874974285658742
16.966666666666665,-0.19918563488849228
16.975,-0.19984938897107762
16.983333333333334,-0.20023529648706218
16.991666666666667,-0.2015079595938728
17.0,-0.20255896066735246
17.008333333333333,-0.20313480203894052
17.016666666666666,-0.20438462047548478
17.025,-0.2063752270842092
17.03333333333333,-0.2064641951661489
17.041666666666668,-0.20688703299158173
17.05,-0.20771303011937425
17.058333333333334,-0.20848319617184286
17.066666666666666,-0.2102486849583055
17.075,-0.21109755788153617
17.083333333333332,-0.21180735170147824
17.091666666666665,-0.21226575809523285
17.1,-0.21240338042090234
17.108333333333334,-0.21175412757174916
17.116666666666667,-0.21333579406266834
17.125,-0.2143610709374314
17.133333333333333,-0.21528052309348655
17.141666666666666,-0.21584913763064684
17.15,-0.21602548455210946
17.15833333333333,-0.21829038753659735
17.166666666666668,-0.21932751453540655
17.175,-0.22087437529155096
17.183333333333334,-0.2235054100867987
17.191666666666666,-0.22436026927515895
17.2,-0.22646285860719628
17.208333333333332,-0.2288231801999241
17.216666666666665,-0.23039131300609117
17.225,-0.23243373419338098
17.233333333333334,-0.2337801786896493
17.241666666666667,-0.2343265430152892
17.25,-0.2362431248482163
17.258333333333333,-0.23745376349434788
17.266666666666666,-0.23826998748994477
17.275,-0.23971139107213202
17.28333333333333,-0.24143696204035148
17.291666666666668,-0.24240288187162795
17.3,-0.24377358797370619
17.308333333333334,-0.24505283549137757
17.316666666666666,-0.24659617177553728
17.325,-0.2479023402896816
17.333333333333332,-0.24978945323946
17.341666666666665,-0.2518279840236113
17.35,-0.2531943047135913
17.358333333333334,-0.2547257746441457
17.366666666666667,-0.2567522669362645
17.375,-0.2574030889151828
17.383333333333333,-0.25890012886334823
17.391666666666666,-0.2603889527125943
17.4,-0.2608964517627774
17.40833333333333,-0.2622633769691005
17.416666666666668,-0.2633535057668376
17.425,-0.2646113623412958
17.433333333333334,-0.26604755368122845
17.441666666666666,-0.267788635123934
17.45,-0.26840325421441347
17.458333333333332,-0.26956359189139956
17.466666666666665,-0.2709676755292705
17.475,-0.2724663925452706
17.483333333333334,-0.2730999979806169
17.491666666666667,-0.2744812886500323
17.5,-0.2760443831948457
17.508333333333333,-0.27821063723655504
17.516666666666666,-0.27842029305511107
17.525,-0.27984217443842685
17.53333333333333,-0.2823261604972035
17.541666666666668,-0.2839963633767765
17.55,-0.2850383310431057
17.558333333333334,-0.28679518817958594
17.566666666666666,-0.2886868937509277
17.575,-0.28794604767946164
17.583333333333332,-0.28817827220772474
17.591666666666665,-0.29060835236132976
17.6,-0.29010800995185027
17.608333333333334,-0.29009065696727365
17.616666666666667,-0.2905091932029391
17.625,-0.2937638641353998
17.633333333333333,-0.2982338203196294
17.641666666666666,-0.2967494923922407
17.65,-0.29573755518423483
17.65833333333333,-0.30101359002992834
17.666666666666668,-0.3028837095940189
17.675,-0.30143825204097907
17.683333333333334,-0.2998675378188347
17.691666666666666,-0.3016420963367401
17.7,-0.30421263808801546
17.708333333333332,-0.3041178799576031
17.716666666666665,-0.30257216094238315
17.725,-0.3028382580620639
17.733333333333334,-0.30289386876445634
17.741666666666667,-0.3034157575493357
17.75,-0.30497262048005347
17.758333333333333,-0.30423745104956545
17.766666666666666,-0.303962980073485
17.775,-0.30584583307267765
17.78333333333333,-0.30648011625309757
17.791666666666668,-0.30647624931486606
17.8,-0.3061957909315085
17.808333333333334,-0.3070667013808124
17.816666666666666,-0.3079178280152194
17.825,-0.30734708306977176
17.833333333333332,-0.3070561712767391
17.841666666666665,-0.3077459311555212
17.85,-0.30786867124733375
17.858333333333334,-0.30789090492792015
17.866666666666667,-0.30879922302352236
17.875,-0.3092525733602791
17.883333333333333,-0.30983385329251456
17.891666666666666,-0.3104197179612639
17.9,-0.3111862764280241
17.90833333333333,-0.3114815039586777
17.916666666666668,-0.3121108650500224
17.925,-0.31190372219397033
17.933333333333334,-0.3125102172154596
17.941666666666666,-0.3120282233701467
17.95,-0.31278977047231193
17.958333333333332,-0.312433252162028
17.966666666666665,-0.31199609925362326
17.975,-0.3126241679887679
17.983333333333334,-0.312012682826734
17.991666666666667,-0.31131736353843276
18.0,-0.3118546088386478
18.008333333333333,-0.3119840133691585
18.016666666666666,-0.31213902385359993
18.025,-0.3115893069199216
18.03333333333333,-0.31267748988222366
18.041666666666668,-0.31149108054309993
18.05,-0.3120625445881071
18.058333333333334,-0.31142440676149596
18.066666666666666,-0.3117823185734814
18.075,-0.31235667810589807
18.083333333333332,-0.3121377441625358
18.091666666666665,-0.3116795321165615
18.1,-0.3128848077509616
18.108333333333334,-0.31318075804163503
18.116666666666667,-0.3131868360505634
18.125,-0.31313139067860185
18.133333333333333,-0.31331006441665754
18.141666666666666,-0.3133036469694962
18.15,-0.31302523515830494
18.15833333333333,-0.3129194461759096
18.166666666666668,-0.31346199570188604
18.175,-0.31310517758527245
18.183333333333334,-0.3132270174893761
18.191666666666666,-0.31311849554741256
18.2,-0.31329961869961787
18.208333333333332,-0.3130686282044425
18.216666666666665,-0.31290239455085544
18.225,-0.31315093123576654
18.233333333333334,-0.3129577320705591
18.241666666666667,-0.3131263935800276
18.25,-0.31283851837208554
18.258333333333333,-0.3131184167315465
18.266666666666666,-0.31311855461307925
18.275,-0.3132316378602724
18.28333333333333,-0.3141009842678828
18.291666666666668,-0.31413075540318147
18.3,-0.31451252718463163
18.308333333333334,-0.3151644255439151
18.316666666666666,-0.3152304347505861
18.325,-0.3151779096656043
18.333333333333332,-0.31632791953943384
18.341666666666665,-0.3165037556365763
18.35,-0.31674821841415746
18.358333333333334,-0.316874483278488
18.366666666666667,-0.317178085869281
18.375,-0.31687748244153324
18.383333333333333,-0.3172891139837716
18.391666666666666,-0.31728119832429946
18.4,-0.31693600467764516
18.40833333333333,-0.31716081425259157
18.416666666666668,-0.3177804430704019
18.425,-0.31776583536569203
18.433333333333334,-0.3187760909633778
18.441666666666666,-0.3194550331369165
18.45,-0.3194454659880043
18.458333333333332,-0.32130894063408744
18.466666666666665,-0.32149785924930663
18.475,-0.3216303836288178
18.483333333333334,-0.32219808266131633
18.491666666666667,-0.3222451051764488
18.5,-0.32195717497782805
18.508333333333333,-0.32206684944856523
18.516666666666666,-0.32179755925336717
18.525,-0.3219176143543562
18.53333333333333,-0.32107833715551615
18.541666666666668,-0.3217446735616626
18.55,-0.3217405954680034
18.558333333333334,-0.3215286550091361
18.566666666666666,-0.3225194218031341
18.575,-0.3235832272737481
18.583333333333332,-0.3235809410131033
18.591666666666665,-0.3241824844433867
18.6,-0.3255380992650838
18.608333333333334,-0.3258225842351071
18.616666666666667,-0.3267388548345027
18.625,-0.3274130772435413
18.633333333333333,-0.32777924919330104
18.641666666666666,-0.3275780512518862
18.65,-0.32804717021118823
18.65833333333333,-0.3279465491891199
18.666666666666668,-0.3282947339776373
18.675,-0.32784616350123863
18.683333333333334,-0.32912921046463695
18.691666666666666,-0.3291290578926406
18.7,-0.3288331828746738
18.708333333333332,-0.3281456834883544
18.716666666666665,-0.32769487478932746
18.725,-0.32758121460123013
18.733333333333334,-0.3284076244777926
18.741666666666667,-0.3289255685653588
18.75,-0.3301623656245968
18.758333333333333,-0.32885467695656434
18.766666666666666,-0.32897598027536556
18.775,-0.3273289439610714
18.78333333333333,-0.3258027028365381
18.791666666666668,-0.3257325387604266
18.8,-0.32605043182131954
18.808333333333334,-0.3256596038603944
18.816666666666666,-0.32553597222499053
18.825,-0.3261777519265223
18.833333333333332,-0.32654003809859
18.841666666666665,-0.32804937874677487
18.85,-0.32809593730543574
18.858333333333334,-0.3285577174817308
18.866666666666667,-0.3293598561134945
18.875,-0.32818040486217415
18.883333333333333,-0.3284034026839795
18.891666666666666,-0.3284192811590402
18.9,-0.3275861231027378
18.90833333333333,-0.32791464759154676
18.916666666666668,-0.32791666988167467
18.925,-0.32798688474348414
18.933333333333334,-0.3277106933892232
18.941666666666666,-0.3281671225536057
18.95,-0.3285257410534882
18.958333333333332,-0.32792843678460915
18.966666666666665,-0.32925798950018115
18.975,-0.3284702867058087
18.983333333333334,-0.3292712785240891
18.991666666666667,-0.3297222980014085
19.0,-0.33004164321555085
19.008333333333333,-0.33086267500790956
19.016666666666666,-0.33043970406392353
19.025,-0.3305151290452042
19.03333333333333,-0.33161361149499324
19.041666666666668,-0.3318907188153738
19.05,-0.3320457687664279
19.058333333333334,-0.33315518521960175
19.066666666666666,-0.3331861700816853
19.075,-0.33377879445253733
19.083333333333332,-0.33516941938724254
19.091666666666665,-0.3350933353007719
19.1,-0.3347862933804189
19.108333333333334,-0.3364269187936423
19.116666666666667,-0.336423520793798
19.125,-0.33734459165838115
19.133333333333333,-0.33705590122359774
19.141666666666666,-0.3368315941793901
19.15,-0.33782379066072243
19.15833333333333,-0.3374477580731643
19.166666666666668,-0.3362479877430089
19.175,-0.3363210105560711
19.183333333333334,-0.3368292045075465
19.191666666666666,-0.33535918572672907
19.2,-0.3330263861090066
19.208333333333332,-0.3375929151991892
19.216666666666665,-0.33654826415386396
19.225,-0.33459352537654086
19.233333333333334,-0.3387441049188352
19.241666666666667,-0.33724302777252224
19.25,-0.3395376938455891
19.258333333333333,-0.3393118705364121
19.266666666666666,-0.34085664464831256
19.275,-0.3418019253971145
19.28333333333333,-0.3414071512576652
19.291666666666668,-0.3426758930285526
19.3,-0.3434201279926683
19.308333333333334,-0.34423358853462427
19.316666666666666,-0.3447838592981518
19.325,-0.34539682557707907
19.333333333333332,-0.3464284417241562
19.341666666666665,-0.34742249052747
19.35,-0.34677917265603353
19.358333333333334,-0.3468446359992572
19.366666666666667,-0.34775055838935187
19.375,-0.3475699748135671
19.383333333333333,-0.3461337423825872
19.391666666666666,-0.34607176105859017
19.4,-0.34529408270055073
19.40833333333333,-0.3443017139445318
19.416666666666668,-0.3433567804500903
19.425,-0.34264895328274203
19.433333333333334,-0.341375050358829
19.441666666666666,-0.3404530909109419
19.45,-0.3389610670718065
19.458333333333332,-0.33881968157567366
19.466666666666665,-0.33839321877910766
19.475,-0.33908692839288523
19.483333333333334,-0.34126953024897133
19.491666666666667,-0.34349429813067656
19.5,-0.3461641418090017
19.508333333333333,-0.3467505482417258
19.516666666666666,-0.34708339369179153
19.525,-0.34761282568445506
19.53333333333333,-0.3488914796716609
19.541666666666668,-0.3521921685190066
19.55,-0.3550548825491673
19.558333333333334,-0.3593989811955217
19.566666666666666,-0.3625763188492379
19.575,-0.3623699709394669
19.583333333333332,-0.3616440821728454
19.591666666666665,-0.36140279771944417
19.6,-0.36117808156387776
19.608333333333334,-0.3610013334207419
19.616666666666667,-0.3610478459828742
19.625,-0.3613631929735426
19.633333333333333,-0.3623354545326789
19.641666666666666,-0.36324481292495325
19.65,-0.36394011754883016
19.65833333333333,-0.36449600823700556
19.666666666666668,-0.3649795123860933
19.675,-0.36576914246319947
19.683333333333334,-0.3660301448780282
19.691666666666666,-0.36644041946397166
19.7,-0.3669301613821523
19.708333333333332,-0.3674701261789478
19.716666666666665,-0.3685524536586843
19.725,-0.36919462639161615
19.733333333333334,-0.3701016412236081
19.741666666666667,-0.3709840725413961
19.75,-0.3716759037249513
19.758333333333333,-0.3722281691635596
19.766666666666666,-0.3728449665426088
19.775,-0.3731955983474806
19.78333333333333,-0.3736887028498088
19.791666666666668,-0.37413354217504813
19.8,-0.3748769819675615
19.808333333333334,-0.37477130404557657
19.816666666666666,-0.37493766474924817
19.825,-0.37524493225199784
19.833333333333332,-0.3757865939885138
19.841666666666665,-0.37646744691789047
19.85,-0.37700140346299227
19.858333333333334,-0.3765828462560089
19.866666666666667,-0.37716230409147666
19.875,-0.37755175454662404
19.883333333333333,-0.37685708313166355
19.891666666666666,-0.37648013414695425
19.9,-0.3762837653704936
19.90833333333333,-0.37632799751115
19.916666666666668,-0.3770838236738022
19.925,-0.3774057442212361
19.933333333333334,-0.37794530964752215
19.941666666666666,-0.37878893327422747
19.95,-0.3795816169637458
19.958333333333332,-0.3800592291251934
19.966666666666665,-0.38034634142017143
19.975,-0.3810796661334569
19.983333333333334,-0.3815209793524902
19.991666666666667,-0.38186405629177067
20.0,-0.38217270769954825
20.008333333333333,-0.3824839932533616
20.016666666666666,-0.3830075055427259
20.025,-0.38340249756194655
20.03333333333333,-0.38382094264526656
20.041666666666668,-0.38402948418395366
20.05,-0.3848069169413084
20.058333333333334,-0.38555135434569066
20.066666666666666,-0.385660157386872
20.075,-0.38574767846346847
20.083333333333332,-0.3860651270370712
20.091666666666665,-0.38584301618577366
20.1,-0.386258100755665
20.108333333333334,-0.38636331185423134
20.116666666666667,-0.3866170718569044
20.125,-0.3867395773452198
20.133333333333333,-0.38698191232920176
20.141666666666666,-0.3872914041122194
20.15,-0.387810548264074
20.15833333333333,-0.38773148310529815
20.166666666666668,-0.3878403899869606
20.175,-0.3882513861058208
20.183333333333334,-0.38885703985821196
20.191666666666666,-0.388788772961115
20.2,-0.38914979003798444
20.208333333333332,-0.38966563997961345
20.216666666666665,-0.3901238647990165
20.225,-0.3906945602920079
20.233333333333334,-0.3914147235480755
20.241666666666667,-0.3918767421764173
20.25,-0.39244442334736507
20.258333333333333,-0.39289799327129205
20.266666666666666,-0.3930816606806027
20.275,-0.39311665332613976
20.28333333333333,-0.3930026919457311
20.291666666666668,-0.39220472479578083
20.3,-0.3922571645286024
20.308333333333334,-0.3920012944998724
20.316666666666666,-0.3919984811044597
20.325,-0.39200687351664776
20.333333333333332,-0.3920530185120067
20.341666666666665,-0.3917800035737605
20.35,-0.39222799192064073
20.358333333333334,-0.39273055410319346
20.366666666666667,-0.39257562010013647
20.375,-0.39278699216222734
20.383333333333333,-0.3935643711995982
20.391666666666666,-0.394248470922013
20.4,-0.3948452674660532
20.40833333333333,-0.3952805943375448
20.416666666666668,-0.39567314482678395
20.425,-0.3955214130640633
20.433333333333334,-0.3956260109241706
20.441666666666666,-0.39521216945427606
20.45,-0.3952425292632872
20.458333333333332,-0.3955325929900104
20.466666666666665,-0.39535430372717584
20.475,-0.39460823471909656
20.483333333333334,-0.39416594787340353
20.491666666666667,-0.3942381325729333
20.5,-0.39413120150862824
20.508333333333333,-0.3937829567125146
20.516666666666666,-0.39311045120552945
20.525,-0.39298869317275864
20.53333333333333,-0.3927013427630607
20.541666666666668,-0.3925357640600452
20.55,-0.3923351975828365
20.558333333333334,-0.3923606886954646
20.566666666666666,-0.39240334205555505
20.575,-0.3920550802706323
20.583333333333332,-0.39194908385211924
20.591666666666665,-0.3922668910889747
20.6,-0.3931055958341114
20.608333333333334,-0.39365696758882485
20.616666666666667,-0.3938560692658394
20.625,-0.3933869223680827
20.633333333333333,-0.39375199027735863
20.641666666666666,-0.39405098526018356
20.65,-0.3938159176584827
20.65833333333333,-0.39416561449683907
20.666666666666668,-0.3940972729029928
20.675,-0.3936263684084693
20.683333333333334,-0.3933562938676497
20.691666666666666,-0.39363072756123274
20.7,-0.39395490102055786
20.708333333333332,-0.39369587030824293
20.716666666666665,-0.3938591985899874
20.725,-0.39430170442182
20.733333333333334,-0.3946114407330398
20.741666666666667,-0.3943282524194617
20.75,-0.3938243164973959
20.758333333333333,-0.39373627276461964
20.766666666666666,-0.39418296633375705
20.775,-0.39424955262598926
20.78333333333333,-0.39393425812878213
20.791666666666668,-0.3939307771564381
20.8,-0.3944301213530551
20.808333333333334,-0.39519450151506785
20.816666666666666,-0.3957598841444494
20.825,-0.39579627255988936
20.833333333333332,-0.39659345617742103
20.841666666666665,-0.39686484460904725
20.85,-0.3972780714715328
20.858333333333334,-0.39749855385840116
20.866666666666667,-0.39749704243169903
20.875,-0.3974533271946523
20.883333333333333,-0.39749393081325834
20.891666666666666,-0.39773463966005573
20.9,-0.39785870027645076
20.90833333333333,-0.3977937405187715
20.916666666666668,-0.3974622826764078
20.925,-0.3968175622120589
20.933333333333334,-0.3968638617389457
20.941666666666666,-0.39685974263829205
20.95,-0.3965446092042548
20.958333333333332,-0.3955568996770854
20.966666666666665,-0.3956430717774765
20.975,-0.39545460113005615
20.983333333333334,-0.39561469089507206
20.991666666666667,-0.3956707619981519
21.0,-0.3952333098365072
21.008333333333333,-0.39493008191790047
21.016666666666666,-0.39555602263860157
21.025,-0.3956702370456855
21.03333333333333,-0.39528688674145407
21.041666666666668,-0.3958006433365442
21.05,-0.3969036675238524
21.058333333333334,-0.3967596402734095
21.066666666666666,-0.39617535927219116
21.075,-0.39591795525962914
21.083333333333332,-0.39696038021739044
21.091666666666665,-0.3969927084917567
21.1,-0.3974166248354074
21.108333333333334,-0.39775398242223536
21.116666666666667,-0.3982831791979815
21.125,-0.3969376526052707
21.133333333333333,-0.3967588973075109
21.141666666666666,-0.39780523025366177
21.15,-0.3982982258386899
21.15833333333333,-0.3970754340162359
21.166666666666668,-0.39734486462934193
21.175,-0.39883962158873065
21.183333333333334,-0.3985588879081451
21.191666666666666,-0.39666345531139624
21.2,-0.39752817226557013
21.208333333333332,-0.3993203260928634
21.216666666666665,-0.3982854193721378
21.225,-0.3963146809265222
21.233333333333334,-0.39783217523457115
21.241666666666667,-0.39994983497187697
21.25,-0.39867858325259065
21.258333333333333,-0.3999999999999999
