lag_frame[sec],MSD_[px^2]
0.008333333333333333,1.1944927559898257
0.016666666666666666,2.000392733923344
0.025,2.7564855988511012
0.03333333333333333,3.478293611889929
0.041666666666666664,4.170222605223514
0.05,4.840250485708394
0.058333333333333334,5.491718524659892
0.06666666666666667,6.121399778649665
0.075,6.728608000621237
0.08333333333333333,7.319562694982606
0.09166666666666666,7.886098924992324
0.1,8.441938565283138
0.10833333333333334,8.98470878441582
0.11666666666666667,9.52589525228352
0.125,10.048113257949419
0.13333333333333333,10.560268717393573
0.14166666666666666,11.073639808980175
0.15,11.581666172704677
0.15833333333333333,12.086907503479654
0.16666666666666666,12.596000987651724
0.175,13.089992340417494
0.18333333333333332,13.596413332136322
0.19166666666666665,14.094362338277127
0.2,14.587499882001685
0.20833333333333334,15.063532166616449
0.21666666666666667,15.544823827066663
0.225,16.024014447840244
0.23333333333333334,16.493817272435084
0.24166666666666667,16.965083333385227
0.25,17.422435207778204
0.2583333333333333,17.86373510017331
0.26666666666666666,18.308701410294855
0.275,18.750119091734813
0.2833333333333333,19.17945781102335
0.2916666666666667,19.607928476114427
0.3,20.020766201637144
0.30833333333333335,20.436578146704218
0.31666666666666665,20.828139376891354
0.325,21.234031163955617
0.3333333333333333,21.62525970909368
0.3416666666666667,22.01225014006124
0.35,22.413476358248126
0.35833333333333334,22.809685735950744
0.36666666666666664,23.217492257003745
0.375,23.61187166457024
0.3833333333333333,24.011738606767068
0.39166666666666666,24.41212962309721
0.4,24.81911083092897
0.4083333333333333,25.2099616737096
0.4166666666666667,25.585038611706185
0.425,25.946996142239193
0.43333333333333335,26.31844814716106
0.44166666666666665,26.67603645487044
0.45,27.021309425342075
0.4583333333333333,27.38419172790131
0.4666666666666667,27.72690333584798
0.475,28.073634712855274
0.48333333333333334,28.41459918968474
0.49166666666666664,28.73248649998045
0.5,29.06640572390382
0.5083333333333333,29.398674054399184
0.5166666666666666,29.715496090778622
0.525,30.0523831070097
0.5333333333333333,30.39770615587298
0.5416666666666666,30.735693184155934
0.55,31.0734294563824
0.5583333333333333,31.418721380074523
0.5666666666666667,31.767666591700443
0.575,32.11480871192419
0.5833333333333334,32.47179201935596
0.5916666666666667,32.807413151167154
0.6,33.14393580013389
0.6083333333333333,33.469125933727234
0.6166666666666667,33.795529246489046
0.625,34.122708043690174
0.6333333333333333,34.427910668475626
0.6416666666666666,34.73540928287691
0.65,35.04210645398975
0.6583333333333333,35.33399372493856
0.6666666666666666,35.65427676292593
0.675,35.950421540052325
0.6833333333333333,36.24946825332323
0.6916666666666667,36.54864306262076
0.7,36.852116431124514
0.7083333333333334,37.17060463517996
0.7166666666666667,37.47118777200869
0.725,37.77684142803466
0.7333333333333333,38.08495102944827
0.7416666666666667,38.392260039829495
0.75,38.714203176645
0.7583333333333333,39.0348730449545
0.7666666666666666,39.35276048477396
0.775,39.674398988484796
0.7833333333333333,39.99403522864116
0.7916666666666666,40.307806036289335
0.8,40.61185748017814
0.8083333333333333,40.91660114917594
0.8166666666666667,41.21940739557546
0.825,41.50566676960295
0.8333333333333334,41.80286766268198
0.8416666666666667,42.1088367799529
0.85,42.38685558538534
0.8583333333333333,42.66665976422811
0.8666666666666667,42.95552301113235
0.875,43.24501271724641
0.8833333333333333,43.55339525731619
0.8916666666666666,43.853959812045964
0.9,44.14621185353395
0.9083333333333333,44.459828889270796
0.9166666666666666,44.77959023123031
0.9249999999999999,45.101510588860734
0.9333333333333333,45.423436817516816
0.9416666666666667,45.748429439287065
0.95,46.062105471314474
0.9583333333333334,46.354890570828424
0.9666666666666667,46.67468656751024
0.975,46.96374172173571
0.9833333333333333,47.25837746541755
0.9916666666666667,47.54456347265634
1.0,47.81850671010814
1.0083333333333333,48.108712057775314
1.0166666666666666,48.39360328337635
1.025,48.653692999785044
1.0333333333333332,48.91949037644701
1.0416666666666667,49.18989678724046
1.05,49.44846861454118
1.0583333333333333,49.72043938629155
1.0666666666666667,50.00838077673512
1.075,50.29489217176886
1.0833333333333333,50.586819760007835
1.0916666666666666,50.859215534415675
1.1,51.156678108017395
1.1083333333333334,51.441844689504435
1.1166666666666667,51.728537751150476
1.125,52.009343198875904
1.1333333333333333,52.285090344569376
1.1416666666666666,52.55301952066468
1.15,52.81271482276835
1.1583333333333332,53.07490945439502
1.1666666666666667,53.333617540930476
1.175,53.59540779071015
1.1833333333333333,53.840577209125804
1.1916666666666667,54.104893297572616
1.2,54.37192437978558
1.2083333333333333,54.64143736373571
1.2166666666666666,54.912842255788505
1.225,55.169968452949234
1.2333333333333334,55.43729393725596
1.2416666666666667,55.69992036654614
1.25,55.954167740054764
1.2583333333333333,56.198698259950056
1.2666666666666666,56.455740633859214
1.275,56.74217214741398
1.2833333333333332,57.036380330307956
1.2916666666666667,57.30810529402518
1.3,57.5927223003529
1.3083333333333333,57.87505585390596
1.3166666666666667,58.148464940159215
1.325,58.41805181745585
1.3333333333333333,58.69192415022469
1.3416666666666666,58.96992816400188
1.35,59.24366100862377
1.3583333333333334,59.51044850372477
1.3666666666666667,59.78611315247361
1.375,60.06522250135537
1.3833333333333333,60.35507371827347
1.3916666666666666,60.65355485875042
1.4,60.90463214508422
1.4083333333333332,61.179456676649934
1.4166666666666667,61.45656841362776
1.425,61.72772171634482
1.4333333333333333,62.031034970123805
1.4416666666666667,62.30121314062061
1.45,62.57451534047827
1.4583333333333333,62.88011606871821
1.4666666666666666,63.14983775365118
1.475,63.4440043938685
1.4833333333333334,63.7440987812461
1.4916666666666667,64.01868560934591
1.5,64.28044391995033
1.5083333333333333,64.55559063144094
1.5166666666666666,64.83519270668232
1.525,65.11222454638933
1.5333333333333332,65.40858956101408
1.5416666666666667,65.68260790707927
1.55,65.96463013877678
1.5583333333333333,66.23501972982189
1.5666666666666667,66.51182305692475
1.575,66.76485045253568
1.5833333333333333,67.02428168968447
1.5916666666666666,67.2744415545495
1.6,67.52926081460802
1.6083333333333334,67.7867977247263
1.6166666666666667,68.05147070643596
1.625,68.32464671952006
1.6333333333333333,68.5992294730274
1.6416666666666666,68.85637423486993
1.65,69.12008657027236
1.6583333333333332,69.39793929709097
1.6666666666666667,69.65261940008973
1.675,69.9227209995801
1.6833333333333333,70.19162160293737
1.6916666666666667,70.45829942149962
1.7,70.70353640872733
1.7083333333333333,70.95730605187859
1.7166666666666666,71.19932711035291
1.7249999999999999,71.47675484153741
1.7333333333333334,71.71045044843598
1.7416666666666667,71.95518395420682
1.75,72.19907428304431
1.7583333333333333,72.46385418101382
1.7666666666666666,72.72255969009396
1.775,72.98407645117913
1.7833333333333332,73.2468270140695
1.7916666666666667,73.54815652947961
1.8,73.83749998990089
1.8083333333333333,74.1279649568911
1.8166666666666667,74.4083289704912
1.825,74.69093587807086
1.8333333333333333,74.97090992639899
1.8416666666666666,75.24190212883332
1.8499999999999999,75.50998593204964
1.8583333333333334,75.7700339301394
1.8666666666666667,76.04816529247648
1.875,76.31661475610052
1.8833333333333333,76.57502376561563
1.8916666666666666,76.82679582396179
1.9,77.10562987424959
1.9083333333333332,77.37107484075668
1.9166666666666667,77.65223339828542
1.925,77.92661030188634
1.9333333333333333,78.20368726960015
1.9416666666666667,78.45973178662683
1.95,78.71633791307349
1.9583333333333333,78.99317973156339
1.9666666666666666,79.27538538947243
1.9749999999999999,79.56672348996341
1.9833333333333334,79.85207166352536
1.9916666666666667,80.14202732665784
2.0,80.46917621650711
2.0083333333333333,80.77772722787479
2.0166666666666666,81.08955277772576
2.025,81.40078161541487
2.033333333333333,81.7499937151769
2.0416666666666665,82.05550015216002
2.05,82.35561394024015
2.058333333333333,82.66545477249848
2.0666666666666664,82.95863857241329
2.075,83.23861588304091
2.0833333333333335,83.50236046768293
2.091666666666667,83.75749102458367
2.1,84.04362390431164
2.1083333333333334,84.30700586276444
2.1166666666666667,84.55648915472288
2.125,84.78734484670802
2.1333333333333333,85.0470036692522
2.1416666666666666,85.29620374026696
2.15,85.54868714149302
2.158333333333333,85.7894507465426
2.1666666666666665,86.04895979498542
2.175,86.3178647177992
2.183333333333333,86.5873275907601
2.1916666666666664,86.8728068680915
2.2,87.14395293094478
2.2083333333333335,87.42399282060819
2.216666666666667,87.69861742615677
2.225,87.95998317318244
2.2333333333333334,88.22101228176547
2.2416666666666667,88.46939921527508
2.25,88.72244761730396
2.2583333333333333,88.97888296920978
2.2666666666666666,89.23765522186014
2.275,89.49136107704223
2.283333333333333,89.73212757285162
2.2916666666666665,89.94852422608596
2.3,90.18638493426378
2.308333333333333,90.40814607404745
2.3166666666666664,90.65662587850709
2.325,90.91280919618114
2.3333333333333335,91.17274660098279
2.341666666666667,91.40339521860321
2.35,91.6703606530807
2.3583333333333334,91.94591233092856
2.3666666666666667,92.2064484556181
2.375,92.48020989864143
2.3833333333333333,92.74643737376078
2.3916666666666666,93.00105708990937
2.4,93.24398341431922
2.408333333333333,93.48265737285456
2.4166666666666665,93.71116728432622
2.425,93.91999871566709
2.433333333333333,94.12313004241767
2.4416666666666664,94.3371996972868
2.45,94.51898282466148
2.4583333333333335,94.74889568719097
2.466666666666667,94.96736204737132
2.475,95.1773347562144
2.4833333333333334,95.39975830328646
2.4916666666666667,95.62166999575298
2.5,95.82263492654332
2.5083333333333333,96.0440792528485
2.5166666666666666,96.26795749424085
2.525,96.49984282869633
2.533333333333333,96.73957907801687
2.5416666666666665,96.9734501583529
2.55,97.24048930940623
2.558333333333333,97.48909909748056
2.5666666666666664,97.74818858746578
2.575,97.9901776456238
2.5833333333333335,98.20185362563674
2.591666666666667,98.42221584705848
2.6,98.65382558197733
2.6083333333333334,98.89867368257201
2.6166666666666667,99.1373369083206
2.625,99.37249989504765
2.6333333333333333,99.59974830453017
2.6416666666666666,99.83242997569252
2.65,100.04128671016211
2.658333333333333,100.29011165579273
2.6666666666666665,100.54618038831394
2.675,100.76990336119646
2.683333333333333,101.06172070446037
2.6916666666666664,101.3040544978436
2.7,101.58696807553659
2.7083333333333335,101.85792684212907
2.716666666666667,102.13175692565005
2.725,102.44555829574102
2.7333333333333334,102.74446971780593
2.7416666666666667,102.98705838621723
2.75,103.30560698359805
2.7583333333333333,103.60802896839564
2.7666666666666666,103.91966630605476
2.775,104.21224801577338
2.783333333333333,104.50200795880627
2.7916666666666665,104.79450215315994
2.8,105.08475402179056
2.808333333333333,105.3621822472129
2.8166666666666664,105.67100718268783
2.825,105.95175531205864
2.8333333333333335,106.25388715681099
2.841666666666667,106.5189726850339
2.85,106.79101400878285
2.8583333333333334,107.07720827885608
2.8666666666666667,107.36041503911167
2.875,107.65775941338588
2.8833333333333333,107.94905353179364
2.8916666666666666,108.23764111898406
2.9,108.5094102947685
2.908333333333333,108.80451552085977
2.9166666666666665,109.08276144455448
2.925,109.40848756514443
2.933333333333333,109.68820422563363
2.9416666666666664,109.98791048135469
2.95,110.24507681880397
2.9583333333333335,110.52491807809321
2.966666666666667,110.78865661916294
2.975,111.02756443166274
2.9833333333333334,111.30099767358541
2.9916666666666667,111.55182603450974
3.0,111.76992903335011
3.0083333333333333,111.99022205060332
3.0166666666666666,112.23961877407429
3.025,112.47178497894777
3.033333333333333,112.7160567620357
3.0416666666666665,112.97657020126621
3.05,113.21793329854465
3.058333333333333,113.44078727820545
3.0666666666666664,113.70752636858865
3.075,113.95023614508361
3.0833333333333335,114.20861072494111
3.091666666666667,114.48140412695601
3.1,114.76835812550998
3.1083333333333334,115.05655096744427
3.1166666666666667,115.29335227786271
3.125,115.54837788211347
3.1333333333333333,115.82374899277706
3.1416666666666666,116.08301205438575
3.15,116.32008132844133
3.158333333333333,116.57847658567034
3.1666666666666665,116.82840747713024
3.175,117.03984241960359
3.183333333333333,117.27095773494015
3.1916666666666664,117.47278747343489
3.2,117.67367766702064
3.2083333333333335,117.8531779447501
3.216666666666667,118.09423537892317
3.225,118.29174964551483
3.2333333333333334,118.52095553618564
3.2416666666666667,118.74233691619067
3.25,118.98645022529645
3.2583333333333333,119.20993354379898
3.2666666666666666,119.45076641498984
3.275,119.67810467528263
3.283333333333333,119.91598519455329
3.2916666666666665,120.14175498897839
3.3,120.35478060614888
3.308333333333333,120.54762933950575
3.3166666666666664,120.7803004571764
3.3249999999999997,120.99708016233843
3.3333333333333335,121.20387845134034
3.341666666666667,121.41272171350471
3.35,121.63320916014759
3.3583333333333334,121.85631553328871
3.3666666666666667,122.09828017871817
3.375,122.30593435876752
3.3833333333333333,122.49992156252347
3.3916666666666666,122.70421124347745
3.4,122.91022069370077
3.408333333333333,123.14595151054638
3.4166666666666665,123.37868013505297
3.425,123.58853943934093
3.433333333333333,123.84563177083965
3.4416666666666664,124.04274529501409
3.4499999999999997,124.26575895106019
3.4583333333333335,124.51227776470408
3.466666666666667,124.75409644773144
3.475,124.965010723126
3.4833333333333334,125.19379139540544
3.4916666666666667,125.41810966810156
3.5,125.64966602205729
3.5083333333333333,125.85509964453813
3.5166666666666666,126.05398908656151
3.525,126.24421312793096
3.533333333333333,126.46591389055038
3.5416666666666665,126.65487182826799
3.55,126.87108047248365
3.558333333333333,127.08072202177141
3.5666666666666664,127.30743044078744
3.5749999999999997,127.52341659492107
3.5833333333333335,127.76328767891644
3.591666666666667,127.98024568967999
3.6,128.20515803647288
3.6083333333333334,128.4164637280054
3.6166666666666667,128.62952262065588
3.625,128.90704998212505
3.6333333333333333,129.12247762790884
3.6416666666666666,129.36978040127462
3.65,129.58136768422966
3.658333333333333,129.80389948691067
3.6666666666666665,130.0040093675346
3.675,130.23251339698518
3.683333333333333,130.41471214835983
3.6916666666666664,130.6134047125221
3.6999999999999997,130.79173242506212
3.7083333333333335,131.0123706167583
3.716666666666667,131.23092660408398
3.725,131.4805886012274
3.7333333333333334,131.6842784339781
3.7416666666666667,131.88432815334804
3.75,132.1002913905675
3.7583333333333333,132.3366287828204
3.7666666666666666,132.54978705840415
3.775,132.754702832429
3.783333333333333,132.9813210423715
3.7916666666666665,133.19153085580908
3.8,133.3718662219441
3.808333333333333,133.52333944225023
3.8166666666666664,133.68128565618542
3.8249999999999997,133.86220245397243
3.8333333333333335,134.01739753963275
3.841666666666667,134.18735927407576
3.85,134.36296221379376
3.8583333333333334,134.535335228407
3.8666666666666667,134.68095121040787
3.875,134.8254080681515
3.8833333333333333,134.9411544395467
3.8916666666666666,135.11054452893583
3.9,135.33909644702072
3.908333333333333,135.51015604562045
3.9166666666666665,135.69552003741083
3.925,135.86328451107
3.933333333333333,136.02603238475876
3.9416666666666664,136.21138769815178
3.9499999999999997,136.40748647439892
3.9583333333333335,136.51285471793213
3.966666666666667,136.70538546024994
3.975,136.90031891447683
3.9833333333333334,137.09092673920958
3.9916666666666667,137.3232960731896
4.0,137.56382646098578
4.008333333333333,137.75699559687104
4.016666666666667,137.9243984567597
4.025,138.14838721489733
4.033333333333333,138.4243480209687
4.041666666666667,138.6782866760602
4.05,138.8344979467512
4.058333333333334,139.0742253882768
4.066666666666666,139.29651168127083
4.075,139.5285953231981
4.083333333333333,139.7300771292407
4.091666666666667,139.92090630685425
4.1,140.08504268092173
4.108333333333333,140.25818400894218
4.116666666666666,140.52739499265377
4.125,140.73579438243155
4.133333333333333,140.99751657766598
4.141666666666667,141.23600448208708
4.15,141.4497004534772
4.158333333333333,141.69515828700722
4.166666666666667,141.9127220772175
4.175,142.13505853363444
4.183333333333334,142.35448954528732
4.191666666666666,142.50647878132384
4.2,142.69817551476473
4.208333333333333,142.86660292738748
4.216666666666667,143.0571725627849
4.225,143.24017128548644
4.233333333333333,143.3415481237315
4.241666666666666,143.48953748957666
4.25,143.6993614096039
4.258333333333333,143.84640762072186
4.266666666666667,144.0055093040099
4.275,144.19468997598804
4.283333333333333,144.39349918346562
4.291666666666667,144.6344573054959
4.3,144.8689389114771
4.308333333333334,145.0865260108233
4.316666666666666,145.31180314872248
4.325,145.5472621126522
4.333333333333333,145.73400485296042
4.341666666666667,145.98519727795676
4.35,146.3382972452034
4.358333333333333,146.58966177522427
4.366666666666666,146.86044407347606
4.375,147.02279190180457
4.383333333333333,147.22064293313753
4.391666666666667,147.44945455323838
4.4,147.6689479349092
4.408333333333333,147.8739076862214
4.416666666666667,148.11194541072823
4.425,148.2458173802783
4.433333333333334,148.45727693688616
4.441666666666666,148.64534504458726
4.45,148.83092234322157
4.458333333333333,149.08138287868655
4.466666666666667,149.25245160859535
4.475,149.38089479426225
4.483333333333333,149.5892798796216
4.491666666666666,149.827236033521
4.5,150.17727288294572
4.508333333333333,150.37388078732565
4.516666666666667,150.60855413149162
4.525,150.79301183492876
4.533333333333333,151.050109886695
4.541666666666667,151.25759835819332
4.55,151.43167477881462
4.558333333333334,151.69456990222665
4.566666666666666,151.89339120739743
4.575,152.15615466170036
4.583333333333333,152.36842356942083
4.591666666666667,152.60557909392676
4.6,152.79682446562214
4.608333333333333,153.00844597540421
4.616666666666666,153.2714446915285
4.625,153.5320907748322
4.633333333333333,153.71480354927164
4.641666666666667,153.93345042190035
4.65,154.13724894520087
4.658333333333333,154.34038500758797
4.666666666666667,154.56103324812318
4.675,154.77976972927112
4.683333333333334,154.97423991257222
4.691666666666666,155.18138584878463
4.7,155.401065076379
4.708333333333333,155.63216159947578
4.716666666666667,155.83146922384864
4.725,156.04768883241496
4.733333333333333,156.29603486733285
4.741666666666666,156.53317880442236
4.75,156.77735578892447
4.758333333333333,156.97252034943062
4.766666666666667,157.24805757742013
4.775,157.42950947460722
4.783333333333333,157.6847620518659
4.791666666666667,157.86529237866554
4.8,158.02189952562196
4.808333333333334,158.23169605665976
4.816666666666666,158.5485432902371
4.825,158.696136879776
4.833333333333333,158.95766702016647
4.841666666666667,159.1825335779599
4.85,159.37656534782627
4.858333333333333,159.6572901882256
4.866666666666666,159.97222275497109
4.875,160.27813796170568
4.883333333333333,160.55109723919938
4.891666666666667,160.78602813796525
4.9,161.06542728913354
4.908333333333333,161.3594389792922
4.916666666666667,161.58484658728506
4.925,161.83622779194766
4.933333333333334,162.095947038345
4.941666666666666,162.31601208386056
4.95,162.5491063611218
4.958333333333333,162.80907238231288
4.966666666666667,163.0872661785697
4.975,163.2693423006942
4.983333333333333,163.50422136379916
4.991666666666666,163.71051365786545
5.0,163.943388807407
5.008333333333333,164.13746231305865
5.016666666666667,164.38300794483598
5.025,164.67866423525624
5.033333333333333,164.93730690806285
5.041666666666667,165.2154783277835
5.05,165.4697346746544
5.058333333333334,165.70311257894966
5.066666666666666,165.90034340099342
5.075,166.12686130316797
5.083333333333333,166.38309811432657
5.091666666666667,166.65576457571524
5.1,166.88295997952912
5.108333333333333,167.07607897639448
5.116666666666666,167.28192320083753
5.125,167.5622994775287
5.133333333333333,167.7519088375591
5.141666666666667,167.99607720614085
5.15,168.22637720278044
5.158333333333333,168.45097643287136
5.166666666666667,168.71759685360132
5.175,168.95232219156625
5.183333333333334,169.22379823983042
5.191666666666666,169.47116669846986
5.2,169.73989199472848
5.208333333333333,170.03528978222977
5.216666666666667,170.34405178040234
5.225,170.67914672116405
5.233333333333333,170.99216893233884
5.241666666666666,171.2952653630978
5.25,171.57512001484886
5.258333333333333,171.8430410755178
5.266666666666667,172.13519821075204
5.275,172.3546173724332
5.283333333333333,172.63172932719368
5.291666666666667,172.90755036376288
5.3,173.16327974352663
5.308333333333334,173.48243902936505
5.316666666666666,173.74856242894637
5.325,173.93923649499004
5.333333333333333,174.19058939462056
5.341666666666667,174.44717894960942
5.35,174.63132721831172
5.358333333333333,174.8939552715314
5.366666666666666,175.0712702349108
5.375,175.37412136364043
5.383333333333333,175.6012190589329
5.391666666666667,175.82627477988558
5.4,176.10408931968323
5.408333333333333,176.33747503932642
5.416666666666667,176.64201091053272
5.425,176.92070125300472
5.433333333333334,177.2366408068086
5.441666666666666,177.54967209872424
5.45,177.80159453070422
5.458333333333333,178.10622142233788
5.466666666666667,178.39723863635362
5.475,178.63142098413493
5.483333333333333,178.88250814195146
5.491666666666666,179.19434250021916
5.5,179.46454562937143
5.508333333333333,179.6877802453703
5.516666666666667,179.9770241972271
5.525,180.23502824608565
5.533333333333333,180.4830939374514
5.541666666666667,180.76879890923004
5.55,181.0530549668193
5.558333333333334,181.34556311632366
5.566666666666666,181.67830181678906
5.575,182.00417343949508
5.583333333333333,182.30240714831126
5.591666666666667,182.5988946107317
5.6,182.9042247295185
5.608333333333333,183.23926153433843
5.616666666666666,183.6690562024141
5.625,184.04228601874874
5.633333333333333,184.41641746970961
5.641666666666667,184.78136922252136
5.65,185.1199265727899
5.658333333333333,185.50335771340036
5.666666666666667,185.86640384635095
5.675,186.2428788960178
5.683333333333334,186.62579184780722
5.691666666666666,187.00868553370353
5.7,187.33751210748144
5.708333333333333,187.72046889917138
5.716666666666667,188.10916677707934
5.725,188.50092395043742
5.733333333333333,188.84818735954357
5.741666666666666,189.24179322535758
5.75,189.60353059351846
5.758333333333333,189.98589036277792
5.766666666666667,190.36924334516843
5.775,190.71610490964034
5.783333333333333,191.03230055496593
5.791666666666667,191.3946431355126
5.8,191.80043524741637
5.808333333333334,192.16020955434746
5.816666666666666,192.5295223498291
5.825,192.91947670829686
5.833333333333333,193.25308988383915
5.841666666666667,193.64247062756962
5.85,194.01913893877432
5.858333333333333,194.3914495581895
5.866666666666666,194.7916107849817
5.875,195.12129772830036
5.883333333333333,195.44411751011253
5.891666666666667,195.79203623281563
5.9,196.13527619775118
5.908333333333333,196.48065058403816
5.916666666666667,196.8351952982462
5.925,197.21733241762465
5.933333333333334,197.55116692654448
5.941666666666666,197.8690376334532
5.95,198.226667605165
5.958333333333333,198.5546098454449
5.966666666666667,198.9132963588335
5.975,199.28200936905623
5.983333333333333,199.61806015381234
5.991666666666666,199.94959815850086
6.0,200.27990702792545
6.008333333333333,200.6007415939367
6.016666666666667,200.9284902620521
6.025,201.1847116568107
6.033333333333333,201.47663291438315
6.041666666666667,201.80312004122567
6.05,202.05765441611194
6.058333333333334,202.39760882194236
6.066666666666666,202.65101466077482
6.075,202.91849512275675
6.083333333333333,203.18006825276936
6.091666666666667,203.47144903676386
6.1,203.71550563264043
6.108333333333333,203.93824747463557
6.116666666666666,204.2118721685296
6.125,204.427622373275
6.133333333333333,204.69934245774246
6.141666666666667,204.94450646240878
6.15,205.17864339316716
6.158333333333333,205.4558358779928
6.166666666666667,205.77900945853608
6.175,206.04192317865878
6.183333333333334,206.25989086945728
6.191666666666666,206.53754679972195
6.2,206.77618881449655
6.208333333333333,207.06263932640533
6.216666666666667,207.33073740163837
6.225,207.5812441868319
6.233333333333333,207.88795932725955
6.241666666666666,208.1651566157535
6.25,208.43506293013473
6.258333333333333,208.7202783744793
6.266666666666667,208.97817177733995
6.275,209.24460047503092
6.283333333333333,209.53652285185757
6.291666666666667,209.84685688460058
6.3,210.09665576690313
6.308333333333334,210.39041385735453
6.316666666666666,210.66587517581863
6.325,210.89774184775382
6.333333333333333,211.11228332554904
6.341666666666667,211.40334884791608
6.35,211.63700724336962
6.358333333333333,211.87815649772162
6.366666666666666,212.20043346253027
6.375,212.48527991122356
6.383333333333333,212.71138142546283
6.391666666666667,212.94555316718592
6.4,213.2174840054021
6.408333333333333,213.5042714970409
6.416666666666667,213.7457636403174
6.425,214.00397348511925
6.433333333333334,214.25699927532264
6.441666666666666,214.52256926771665
6.45,214.782181768949
6.458333333333333,215.0021562435894
6.466666666666667,215.23541308632466
6.475,215.4832064752041
6.483333333333333,215.77295703930022
6.491666666666666,215.99315547648516
6.5,216.31932371404304
6.508333333333333,216.6099805824767
6.516666666666667,216.88416838275708
6.5249999999999995,217.2138113516748
6.533333333333333,217.53693991644536
6.541666666666667,217.84375474904263
6.55,218.14061947994867
6.558333333333334,218.4556402974379
6.566666666666666,218.78569733179512
6.575,219.0753615318247
6.583333333333333,219.43288219886423
6.591666666666667,219.72296547380571
6.6,220.05917140548067
6.608333333333333,220.3383542634906
6.616666666666666,220.67471444765232
6.625,220.9412067622734
6.633333333333333,221.29240072484876
6.641666666666667,221.60493462530556
6.6499999999999995,221.94330297797413
6.658333333333333,222.20737999069263
6.666666666666667,222.49921305609237
6.675,222.83519707984652
6.683333333333334,223.19157661546583
6.691666666666666,223.52065259374012
6.7,223.84073127284552
6.708333333333333,224.1688345230093
6.716666666666667,224.45756465183817
6.725,224.72663788842448
6.733333333333333,225.06071194363264
6.741666666666666,225.32306738128347
6.75,225.67448011727802
6.758333333333333,225.9378102554803
6.766666666666667,226.1834878805159
6.7749999999999995,226.4473933785107
6.783333333333333,226.70318313315877
6.791666666666667,227.02033904494726
6.8,227.31174787522875
6.808333333333334,227.57584488527854
6.816666666666666,227.8239110734165
6.825,228.11143458192873
6.833333333333333,228.43820490052647
6.841666666666667,228.8442602336386
6.85,229.1751680935211
6.858333333333333,229.45162784822747
6.866666666666666,229.77113132615125
6.875,230.1345468364125
6.883333333333333,230.47816178287397
6.891666666666667,230.78640353481956
6.8999999999999995,231.0710032513011
6.908333333333333,231.4074160334072
6.916666666666667,231.72374328786455
6.925,232.0392940115875
6.933333333333334,232.3420238190667
6.941666666666666,232.66623509912137
6.95,233.0235027733615
6.958333333333333,233.3365482954779
6.966666666666667,233.72349395452022
6.975,233.98978634325297
6.983333333333333,234.36309018293878
6.991666666666666,234.714481605751
7.0,235.01042385957868
7.008333333333333,235.33690084308475
7.016666666666667,235.69151313763305
7.0249999999999995,236.00486525274903
7.033333333333333,236.36129220976628
7.041666666666667,236.7241836534007
7.05,237.0112140705439
7.058333333333334,237.3152978339736
7.066666666666666,237.6799923360331
7.075,237.96759222506978
7.083333333333333,238.27589656652535
7.091666666666667,238.62347239109133
7.1,238.91306281221762
7.108333333333333,239.28829990309944
7.116666666666666,239.61626507114892
7.125,240.04942666067132
7.133333333333333,240.33503157558795
7.141666666666667,240.7054279068442
7.1499999999999995,241.07572647123894
7.158333333333333,241.48535804802054
7.166666666666667,241.85654409714002
7.175,242.2504045994774
7.183333333333334,242.61897917380506
7.191666666666666,242.95135102475484
7.2,243.31329785293664
7.208333333333333,243.71095510107025
7.216666666666667,244.0227525718407
7.225,244.29967097786115
7.233333333333333,244.65585406882943
7.241666666666666,244.96849593474994
7.25,245.31424733438837
7.258333333333333,245.6717589446104
7.266666666666667,246.00398484141633
7.2749999999999995,246.33229029251834
7.283333333333333,246.61633402292708
7.291666666666667,246.95310433132815
7.3,247.24294575136838
7.308333333333334,247.55683667688604
7.316666666666666,247.8987218705403
7.325,248.25398032262078
7.333333333333333,248.6178857024435
7.341666666666667,248.9449013021572
7.35,249.28162577107454
7.358333333333333,249.60867139284082
7.366666666666666,249.93046065238866
7.375,250.22769234041712
7.383333333333333,250.6143337767462
7.391666666666667,250.98932448312453
7.3999999999999995,251.3802095339875
7.408333333333333,251.67432522235217
7.416666666666667,252.03952134301343
7.425,252.40263707834688
7.433333333333334,252.7948217136411
7.441666666666666,253.13819804667642
7.45,253.4642218283179
7.458333333333333,253.7805423932594
7.466666666666667,254.06743237753196
7.475,254.4248441928477
7.483333333333333,254.7892334435032
7.491666666666666,255.1472194365122
7.5,255.46008125048468
7.508333333333333,255.82940278554497
7.516666666666667,256.20493813341125
7.5249999999999995,256.5481657560029
7.533333333333333,256.8635824700725
7.541666666666667,257.18024151159136
7.55,257.54101185851704
7.558333333333334,257.8322245783736
7.566666666666666,258.21137601728685
7.575,258.57291762448614
7.583333333333333,258.9216745092708
7.591666666666667,259.3029368882725
7.6,259.5721362055196
7.608333333333333,259.8913169925787
7.616666666666666,260.2690313436665
7.625,260.65367433263674
7.633333333333333,260.9635792757512
7.641666666666667,261.2847408818915
7.6499999999999995,261.6157230913467
7.658333333333333,261.9700205968854
7.666666666666667,262.34169041268865
7.675,262.72656521468735
7.683333333333334,263.12721299677315
7.691666666666666,263.5513389585808
7.7,263.9776130001715
7.708333333333333,264.3944547057625
7.716666666666667,264.909520119041
7.725,265.4065296773271
7.733333333333333,265.9108533350338
7.741666666666666,266.4095249942212
7.75,266.8761234530307
7.758333333333333,267.3518464917058
7.766666666666667,267.8406671172734
7.7749999999999995,268.4146608557702
7.783333333333333,268.87862028144275
7.791666666666667,269.4197954321151
7.8,269.9194390876364
7.808333333333334,270.43692985445836
7.816666666666666,270.88125512991024
7.825,271.3334316462771
7.833333333333333,271.73831768929415
7.841666666666667,272.21643086625227
7.85,272.8159994778088
7.858333333333333,273.27061048454374
7.866666666666666,273.7712162849625
7.875,274.31996105534375
7.883333333333333,274.80378851395005
7.891666666666667,275.35927360915235
7.8999999999999995,275.83543744574206
7.908333333333333,276.3272164317925
7.916666666666667,276.77114737074953
7.925,277.2464052004962
7.933333333333334,277.75581128382584
7.941666666666666,278.19721929300874
7.95,278.67160710642383
7.958333333333333,279.1728500419027
7.966666666666667,279.72383483585634
7.975,280.24193380701837
7.983333333333333,280.72122658387536
7.991666666666666,281.2377433311131
8.0,281.7366299112275
8.008333333333333,282.27137583476656
8.016666666666666,282.8353594015562
8.025,283.359514664073
8.033333333333333,283.81680972549134
8.041666666666666,284.26746208552925
8.05,284.7903309437082
8.058333333333334,285.33937680915346
8.066666666666666,285.774007666642
8.075,286.208682579349
8.083333333333334,286.74764618501996
8.091666666666667,287.20627974007334
8.1,287.72309032066886
8.108333333333333,288.18365874796984
8.116666666666667,288.59071625361116
8.125,289.10220707325885
8.133333333333333,289.6325955158752
8.141666666666666,290.18951209313656
8.15,290.73405809905535
8.158333333333333,291.2142439866946
8.166666666666666,291.71780596880296
8.175,292.08856994364686
8.183333333333334,292.5590363876928
8.191666666666666,292.99413865624825
8.2,293.3841990981639
8.208333333333334,293.77447938728693
8.216666666666667,294.1662042915425
8.225,294.5423015013434
8.233333333333333,294.96458023033836
8.241666666666667,295.4493201779525
8.25,295.8797160999049
8.258333333333333,296.27419950852055
8.266666666666666,296.63245725319274
8.275,297.0818681250978
8.283333333333333,297.5379274856901
8.291666666666666,297.93193980365925
8.3,298.3880315594986
8.308333333333334,298.82465941202827
8.316666666666666,299.24762998602733
8.325,299.679811261009
8.333333333333334,300.09326377680514
8.341666666666667,300.47699124607306
8.35,300.881520446817
8.358333333333333,301.28279456962053
8.366666666666667,301.68159831075775
8.375,302.18967438568154
8.383333333333333,302.63729118145415
8.391666666666666,303.10955344767893
8.4,303.39220180354096
8.408333333333333,303.86694985202274
8.416666666666666,304.3055965553338
8.425,304.7051326564466
8.433333333333334,305.1723727215804
8.441666666666666,305.56131429417803
8.45,305.9547963547159
8.458333333333334,306.432508544772
8.466666666666667,306.91606936948267
8.475,307.3522808628518
8.483333333333333,307.8505662602866
8.491666666666667,308.24450209813534
8.5,308.6044644842237
8.508333333333333,309.0930979079503
8.516666666666666,309.54245017256414
8.525,310.0003664490218
8.533333333333333,310.47746017125144
8.541666666666666,310.97774578486576
8.55,311.467311424111
8.558333333333334,311.9063997737922
8.566666666666666,312.39503076913047
8.575,312.8621155839566
8.583333333333334,313.3282938000832
8.591666666666667,313.7926667981053
8.6,314.2898664046571
8.608333333333333,314.90349979096146
8.616666666666667,315.4719661342063
8.625,316.04141986785487
8.633333333333333,316.55153156232063
8.641666666666666,317.1065245506109
8.65,317.59548281372645
8.658333333333333,318.1635072046443
8.666666666666666,318.579428078446
8.675,319.15842732289235
8.683333333333334,319.66748221228517
8.691666666666666,320.0720985890156
8.7,320.53065748077756
8.708333333333334,321.03082245888805
8.716666666666667,321.5569231518542
8.725,321.9944297028938
8.733333333333333,322.5136207559883
8.741666666666667,323.1050409177163
8.75,323.60195630312944
8.758333333333333,324.1708872392743
8.766666666666666,324.7798275731543
8.775,325.3299352899769
8.783333333333333,325.9028330181147
8.791666666666666,326.46092430358806
8.8,326.9936001454667
8.808333333333334,327.50865980254736
8.816666666666666,328.0284182023219
8.825,328.5041155315657
8.833333333333334,328.9904647112419
8.841666666666667,329.49656216458146
8.85,330.0126907353068
8.858333333333333,330.5110504379481
8.866666666666667,330.96817909828627
8.875,331.43878268592584
8.883333333333333,331.9140513439849
8.891666666666666,332.3678740567209
8.9,332.8096499237465
8.908333333333333,333.28714549294597
8.916666666666666,333.7272852668435
8.925,334.19928125456136
8.933333333333334,334.71410975852774
8.941666666666666,335.1908483355104
8.95,335.6808397258696
8.958333333333334,336.21534160216595
8.966666666666667,336.7082513044307
8.975,337.2281367796241
8.983333333333333,337.7012307449512
8.991666666666667,338.20296600493356
9.0,338.5803164904788
9.008333333333333,339.01983912363755
9.016666666666666,339.4762681796066
9.025,339.8583478686165
9.033333333333333,340.32347955767335
9.041666666666666,340.7451050435116
9.05,341.1514895390746
9.058333333333334,341.5388420031439
9.066666666666666,342.0169728652838
9.075,342.4384044940239
9.083333333333334,342.91190752726465
9.091666666666667,343.2962829844497
9.1,343.6897856291624
9.108333333333333,344.1014802439205
9.116666666666667,344.5914504064875
9.125,345.0788748101825
9.133333333333333,345.53192119491524
9.141666666666666,345.98428361644665
9.15,346.4923588185861
9.158333333333333,347.02100422525456
9.166666666666666,347.48974978759685
9.175,348.01923485297357
9.183333333333334,348.52181862041505
9.191666666666666,349.06613187307073
9.2,349.59104046122593
9.208333333333334,350.1497811011502
9.216666666666667,350.6929845237181
9.225,351.29377943989783
9.233333333333333,351.9189252111409
9.241666666666667,352.46332215021323
9.25,353.0375100155112
9.258333333333333,353.5638340301044
9.266666666666666,354.14509568304663
9.275,354.6806454974567
9.283333333333333,355.32088244645945
9.291666666666666,355.9450759780606
9.3,356.5981848182327
9.308333333333334,357.2321982951321
9.316666666666666,357.84471247416514
9.325,358.53034831538207
9.333333333333334,359.0812752346764
9.341666666666667,359.74013063182394
9.35,360.3622540776381
9.358333333333333,361.0188934706033
9.366666666666667,361.6289320395395
9.375,362.1209027695436
9.383333333333333,362.81598738811044
9.391666666666666,363.47933364290265
9.4,364.1638422224356
9.408333333333333,364.79330263763495
9.416666666666666,365.3730571307901
9.425,365.9831916042459
9.433333333333334,366.53340880688444
9.441666666666666,367.13359351952005
9.45,367.6857417716005
9.458333333333334,368.40926116573183
9.466666666666667,369.05161972467323
9.475,369.7304645858675
9.483333333333333,370.2642311817707
9.491666666666667,370.8961249351403
9.5,371.6155508097911
9.508333333333333,372.2176441411046
9.516666666666666,372.9842782563996
9.525,373.62823287248597
9.533333333333333,374.20055661714815
9.541666666666666,374.9500515626826
9.55,375.6244274420301
9.558333333333334,376.2699269505797
9.566666666666666,376.8993415579682
9.575,377.41787400883516
9.583333333333334,378.04689502332366
9.591666666666667,378.58706362230714
9.6,379.35135930132066
9.608333333333333,379.8822832850339
9.616666666666667,380.53654564971254
9.625,381.0811523080135
9.633333333333333,381.6454404884251
9.641666666666666,382.20191145170764
9.65,382.7647372540502
9.658333333333333,383.24447771051933
9.666666666666666,383.7699751736378
9.675,384.2783749689303
9.683333333333334,384.889020705996
9.691666666666666,385.44293658692135
9.7,386.0240060518201
9.708333333333334,386.5413281805706
9.716666666666667,387.01042136352885
9.725,387.5561792343657
9.733333333333333,388.1189949097408
9.741666666666667,388.7275832895101
9.75,389.39968545242914
9.758333333333333,389.91585579253746
9.766666666666666,390.38703695544973
9.775,390.9308250613688
9.783333333333333,391.42182990264575
9.791666666666666,391.99174171242936
9.8,392.5150422954395
9.808333333333334,393.054902608984
9.816666666666666,393.59360306187347
9.825,394.14931738499564
9.833333333333334,394.62028082911553
9.841666666666667,395.0602413837719
9.85,395.50497640724313
9.858333333333333,395.9641480115622
9.866666666666667,396.41010516119815
9.875,396.91266487043555
9.883333333333333,397.31352293892314
9.891666666666666,397.72367919632586
9.9,398.26250614323567
9.908333333333333,398.764376229047
9.916666666666666,399.1207744659846
9.925,399.58594460465724
9.933333333333334,400.0449004103249
9.941666666666666,400.4481737921431
9.95,400.810501415923
9.958333333333334,401.26951305713493
9.966666666666667,401.85959103975546
9.975,402.38979866980634
9.983333333333333,402.88716308041575
9.991666666666667,403.3014765664547
10.0,403.8422134324316
10.008333333333333,404.2981758104667
10.016666666666666,404.79998414376075
10.025,405.32734149847903
10.033333333333333,405.772847130143
10.041666666666666,406.1950533191966
10.05,406.6143478882513
10.058333333333334,407.0235473677635
10.066666666666666,407.44805787243143
10.075,407.85518634328207
10.083333333333334,408.25426982627357
10.091666666666667,408.7411248828927
10.1,409.06932165505896
10.108333333333333,409.5447919107844
10.116666666666667,410.0365452799593
10.125,410.55250706864024
10.133333333333333,410.8893757596386
10.141666666666666,411.44296499112494
10.15,411.9663212405551
10.158333333333333,412.415926079221
10.166666666666666,413.03136147548634
10.175,413.5036164126034
10.183333333333334,414.0841011953456
10.191666666666666,414.6956329685664
10.2,415.12653575542384
10.208333333333334,415.7779036195693
10.216666666666667,416.27488744893014
10.225,416.94873899992757
10.233333333333333,417.5466981058779
10.241666666666667,418.15748317656875
10.25,418.6958487848251
10.258333333333333,419.3141127176993
10.266666666666666,419.6894830542623
10.275,420.168147984339
10.283333333333333,420.75521036163383
10.291666666666666,421.2180901568792
10.3,421.76927449834153
10.308333333333334,422.41836123063763
10.316666666666666,422.87128385918174
10.325,423.4796530819409
10.333333333333334,423.998640510603
10.341666666666667,424.4634664801401
10.35,425.02624089498204
10.358333333333333,425.5195875586541
10.366666666666667,426.11161155454664
10.375,426.58473182974745
10.383333333333333,427.1169912599069
10.391666666666666,427.67815433916826
10.4,428.25056386107394
10.408333333333333,428.76923882310217
10.416666666666666,429.10282478829305
10.425,429.6728490325582
10.433333333333334,430.12409026767824
10.441666666666666,430.626340117197
10.45,431.1597727244068
10.458333333333334,431.71470323662055
10.466666666666667,432.4046801700484
10.475,432.9463725436407
10.483333333333333,433.49656895555034
10.491666666666667,434.11250390799535
10.5,434.7223676319502
10.508333333333333,435.1859580843128
10.516666666666666,435.6879437577381
10.525,436.1858083445564
10.533333333333333,436.71370807384096
10.541666666666666,437.22122259413413
10.55,437.82145600918517
10.558333333333334,438.33904808329964
10.566666666666666,438.9572990998718
10.575,439.45296724625143
10.583333333333334,440.1110052198607
10.591666666666667,440.66527735370704
10.6,441.202443500423
10.608333333333333,441.85635336453794
10.616666666666667,442.3414771946484
10.625,442.9685224486047
10.633333333333333,443.4603999098666
10.641666666666666,443.984446692913
10.65,444.41948527481514
10.658333333333333,444.78443539176874
10.666666666666666,445.25294463282006
10.675,445.6901820638014
10.683333333333334,446.29645936955376
10.691666666666666,446.8343511491685
10.7,447.2259518292439
10.708333333333334,447.4930999981124
10.716666666666667,447.92802909899
10.725,448.2922588218647
10.733333333333333,448.71711680613356
10.741666666666667,449.1162976513696
10.75,449.5838540399812
10.758333333333333,450.10160863718096
10.766666666666666,450.4785947568664
10.775,450.98334419551134
10.783333333333333,451.4138201650424
10.791666666666666,451.92879034003244
10.8,452.32767060772164
10.808333333333334,452.7566334654763
10.816666666666666,453.2017314592458
10.825,453.6278834527592
10.833333333333334,454.0206534636505
10.841666666666667,454.3572011361844
10.85,454.7289298332786
10.858333333333333,455.12702945631304
10.866666666666667,455.4822348926767
10.875,455.87862504985617
10.883333333333333,456.2382210423425
10.891666666666666,456.44315972366235
10.9,456.7131514419848
10.908333333333333,456.9701132522564
10.916666666666666,457.2383187671144
10.925,457.55953217770804
10.933333333333334,457.75489804420664
10.941666666666666,458.080368800896
10.95,458.38499324126656
10.958333333333334,458.53504857486297
10.966666666666667,458.83116180597136
10.975,459.0636664388829
10.983333333333333,459.40026561081766
10.991666666666667,459.70225215363735
11.0,460.0213474890827
11.008333333333333,460.3570826383761
11.016666666666666,460.67870016066513
11.025,460.9408528780864
11.033333333333333,461.2446228547991
11.041666666666666,461.4134360793241
11.05,461.9564160850045
11.058333333333334,462.3592147418428
11.066666666666666,462.5524563965555
11.075,462.8295202988744
11.083333333333334,463.17883294453304
11.091666666666667,463.6453981075694
11.1,464.02314677183426
11.108333333333333,464.38606744228935
11.116666666666667,464.7704675898441
11.125,465.1275389875018
11.133333333333333,465.4562285189203
11.141666666666666,465.7506356989022
11.15,466.08398113631563
11.158333333333333,466.5760367024828
11.166666666666666,466.7810950370157
11.175,467.14081433650637
11.183333333333334,467.4569305502372
11.191666666666666,467.8561143856239
11.2,468.14712953781435
11.208333333333334,468.4101447506028
11.216666666666667,468.8073414807571
11.225,469.1076121595021
11.233333333333333,469.48247594657835
11.241666666666667,469.8567480019134
11.25,470.1432287280122
11.258333333333333,470.6242901871843
11.266666666666666,470.9778309256535
11.275,471.2973786221706
11.283333333333333,471.75436189754663
11.291666666666666,472.2135879960966
11.3,472.6563312561963
11.308333333333334,473.1392809076242
11.316666666666666,473.50874508960857
11.325,473.8716584479895
11.333333333333334,474.51734319523416
11.341666666666667,474.90966878980544
11.35,475.60776860470736
11.358333333333333,476.09592333424314
11.366666666666667,476.6420307414745
11.375,477.23685379599317
11.383333333333333,477.6608243308344
11.391666666666666,478.33655381114465
11.4,478.9304016646368
11.408333333333333,479.65943405186977
11.416666666666666,480.2458310958433
11.425,480.8507020164691
11.433333333333334,481.4436040424457
11.441666666666666,481.8939010599361
11.45,482.4067176359613
11.458333333333334,482.9062009207688
11.466666666666667,483.5806110968138
11.475,484.1028539431736
11.483333333333333,484.7139552816264
11.491666666666667,485.3072681402123
11.5,486.01219271404744
11.508333333333333,486.4895879155963
11.516666666666666,487.0291954202063
11.525,487.6290009853603
11.533333333333333,488.18387639189416
11.541666666666666,488.76803069792635
11.55,489.2650957042881
11.558333333333334,489.77937250582175
11.566666666666666,490.2963451083752
11.575,490.8684914042467
11.583333333333334,491.4056769506651
11.591666666666667,491.7748660329942
11.6,492.1472965588239
11.608333333333333,492.63338425766943
11.616666666666667,493.1167928171508
11.625,493.46560653874155
11.633333333333333,493.7274716409456
11.641666666666666,494.11109269820844
11.65,494.5284007638302
11.658333333333333,494.88603980178016
11.666666666666666,495.31229937153813
11.675,495.7242969487641
11.683333333333334,496.1197039240471
11.691666666666666,496.67886242487083
11.7,496.9916614248797
11.708333333333334,497.5061646792077
11.716666666666667,497.80902774149615
11.725,498.21705788181316
11.733333333333333,498.5787237593341
11.741666666666667,498.9905015142045
11.75,499.5696538471216
11.758333333333333,500.0249048032192
11.766666666666666,500.4742369623846
11.775,500.94087830988997
11.783333333333333,501.250048603875
11.791666666666666,501.6205967722077
11.8,502.0503719726607
11.808333333333334,502.3631981278902
11.816666666666666,502.78108267764105
11.825,503.0555771237377
11.833333333333334,503.4172567283653
11.841666666666667,503.6699163256137
11.85,503.8948571099087
11.858333333333333,504.07864471925546
11.866666666666667,504.2146650895339
11.875,504.45080798400386
11.883333333333333,504.7008347020631
11.891666666666666,504.92690797972483
11.9,505.2827460831879
11.908333333333333,505.4817112160771
11.916666666666666,505.70473968446606
11.925,505.92557444887484
11.933333333333334,506.16084838189124
11.941666666666666,506.4423831534638
11.95,506.79328631011833
11.958333333333334,507.11317870823297
11.966666666666667,507.433550955266
11.975,507.8560960575937
11.983333333333333,508.13340538834717
11.991666666666667,508.3767968271942
12.0,508.7684435724605
12.008333333333333,509.04974318703484
12.016666666666666,509.21032386274373
12.025,509.63442360852764
12.033333333333333,509.9754509805423
12.041666666666666,510.111295264823
12.05,510.4954495312371
12.058333333333334,510.6725674506788
12.066666666666666,510.70855492048094
12.075,511.2133983100442
12.083333333333334,511.48448261340974
12.091666666666667,511.6072012115734
12.1,511.9872688676442
12.108333333333333,512.1991968648325
12.116666666666667,512.5604808499214
12.125,512.9881547936035
12.133333333333333,513.3311909469271
12.141666666666666,513.6189701106623
12.15,514.0033755685888
12.158333333333333,514.3389213139795
12.166666666666666,514.6328289211856
12.175,514.9889225993676
12.183333333333334,515.3259578182052
12.191666666666666,515.5688222081558
12.2,515.9496811336611
12.208333333333334,516.3542910968267
12.216666666666667,516.7430872304362
12.225,517.1566877005732
12.233333333333333,517.4950514895113
12.241666666666667,518.0020970189979
12.25,518.5840879506318
12.258333333333333,519.0372531654193
12.266666666666666,519.4267846639895
12.275,519.9628985422797
12.283333333333333,520.4970637350048
12.291666666666666,520.9811716107529
12.3,521.4927680831958
12.308333333333334,521.9438948065243
12.316666666666666,522.5091170680568
12.325,523.1369654497337
12.333333333333334,523.6022871835778
12.341666666666667,524.09818786771
12.35,524.5851256970658
12.358333333333333,525.0491951211161
12.366666666666667,525.411682286017
12.375,525.9367332866528
12.383333333333333,526.3817071145404
12.391666666666666,526.7641398190776
12.4,527.3557757418648
12.408333333333333,527.9118031639903
12.416666666666666,528.4586988197545
12.425,529.0079883578373
12.433333333333334,529.4066496148469
12.441666666666666,529.7979253831422
12.45,530.3374372270922
12.458333333333334,530.807532012085
12.466666666666667,531.2562424959413
12.475,531.5811879420888
12.483333333333333,532.0553833427832
12.491666666666667,532.4238234093239
12.5,532.722267561152
12.508333333333333,533.0028277911642
12.516666666666666,533.2214235970071
12.525,533.4810548841104
12.533333333333333,533.7663324096419
12.541666666666666,534.0424099641076
12.55,534.2309600810842
12.558333333333334,534.3207183435287
12.566666666666666,534.5203302117968
12.575,534.8236134372087
12.583333333333334,535.1169902243047
12.591666666666667,535.4854970605978
12.6,535.6634017563412
12.608333333333333,535.7658300560364
12.616666666666667,535.9898255913639
12.625,536.0994732090718
12.633333333333333,536.3044009528384
12.641666666666666,536.5326363272002
12.65,536.8552384058953
12.658333333333333,537.1464701981167
12.666666666666666,537.3457247103717
12.675,537.5995027296409
12.683333333333334,537.7684325048484
12.691666666666666,537.8997844230648
12.7,538.1159102567328
12.708333333333334,538.4226124457557
12.716666666666667,538.6473342317915
12.725,538.8482774466801
12.733333333333333,539.0778405083186
12.741666666666667,539.3817579215902
12.75,539.5606565121122
12.758333333333333,539.7928699005479
12.766666666666666,539.94797258533
12.775,540.1551886964019
12.783333333333333,540.4415370240886
12.791666666666666,540.5614995761325
12.8,540.8433500275862
12.808333333333334,541.1696367009324
12.816666666666666,541.2848390061398
12.825,541.5060285544382
12.833333333333334,541.6102018923036
12.841666666666667,541.8156047690527
12.85,542.116124293706
12.858333333333333,542.2568118973579
12.866666666666667,542.4114977493902
12.875,542.6221453979759
12.883333333333333,542.6405887349964
12.891666666666666,542.7598992601294
12.9,542.9228765513459
12.908333333333333,543.0917764438475
12.916666666666666,543.1974220879159
12.924999999999999,543.3279067174034
12.933333333333334,543.451342846648
12.941666666666666,543.5572995315932
12.95,543.6378614765116
12.958333333333334,543.7067685099496
12.966666666666667,543.8030463163552
12.975,543.7286041795287
12.983333333333333,543.7150005512384
12.991666666666667,543.7044105293006
13.0,543.7726435095695
13.008333333333333,543.9261078342173
13.016666666666666,543.9996397291005
13.025,544.0258612182708
13.033333333333333,544.0800908584207
13.041666666666666,544.2254643118218
13.049999999999999,544.2658898700017
13.058333333333334,544.2513127980011
13.066666666666666,544.3232646546797
13.075,544.4980600250958
13.083333333333334,544.5318162361552
13.091666666666667,544.7100844505345
13.1,544.8694386461938
13.108333333333333,545.0982997161428
13.116666666666667,545.2468241660656
13.125,545.3208348552541
13.133333333333333,545.420025395462
13.141666666666666,545.7029497029441
13.15,545.8487032868486
13.158333333333333,546.0180187216689
13.166666666666666,546.3403949115244
13.174999999999999,546.608198157103
13.183333333333334,546.8558335120915
13.191666666666666,546.9679743934433
13.2,547.22893455839
13.208333333333334,547.4424346476225
13.216666666666667,547.6712635106137
13.225,547.9486947063203
13.233333333333333,548.1705036227321
13.241666666666667,548.5995281836949
13.25,549.0152742755248
13.258333333333333,549.2166015180948
13.266666666666666,549.2389492475904
13.275,549.515957959055
13.283333333333333,549.8697509664396
13.291666666666666,550.1899285793152
13.299999999999999,550.6510938648336
13.308333333333334,550.9901362735183
13.316666666666666,551.3133896199988
13.325,551.6117079402104
13.333333333333334,552.0623297987854
13.341666666666667,552.4736447918713
13.35,552.5324605325075
13.358333333333333,553.058805291836
13.366666666666667,553.2951563799819
13.375,553.7184439570635
13.383333333333333,553.8842155088131
13.391666666666666,554.1562302467081
13.4,554.5760282926852
13.408333333333333,554.6983290566318
13.416666666666666,555.1642062608523
13.424999999999999,555.1633062489807
13.433333333333334,555.6727579670138
13.441666666666666,556.0368807206245
13.45,556.0694832047906
13.458333333333334,556.4117659774682
13.466666666666667,556.8255259992413
13.475,557.2958240374774
13.483333333333333,557.6705737758962
13.491666666666667,557.870093194706
13.5,558.1817904639273
13.508333333333333,558.4143896545578
13.516666666666666,558.7947488148633
13.525,559.1266808202149
13.533333333333333,559.3759726857551
13.541666666666666,559.6674320785729
13.549999999999999,560.0177868020454
13.558333333333334,560.2180985597614
13.566666666666666,560.5775024533892
13.575,560.8468556540175
13.583333333333334,560.8866438597403
13.591666666666667,561.5083638576208
13.6,561.879277086666
13.608333333333333,562.2292617502063
13.616666666666667,562.5155959926365
13.625,562.4505111219913
13.633333333333333,562.6892839352191
13.641666666666666,562.8064182333987
13.65,563.2532451284897
13.658333333333333,563.7822061717255
13.666666666666666,564.014848231711
13.674999999999999,564.4227210328232
13.683333333333334,564.526237411408
13.691666666666666,564.5579387048375
13.7,564.4400825336938
13.708333333333334,564.6116339867104
13.716666666666667,564.608931210971
13.725,564.658360486469
13.733333333333333,564.6396850226996
13.741666666666667,564.8397608517697
13.75,564.8920738336157
13.758333333333333,564.6001527073142
13.766666666666666,564.7630727686276
13.775,564.7547004455139
13.783333333333333,565.0019451867317
13.791666666666666,565.2608274133398
13.799999999999999,565.3024213103138
13.808333333333334,565.4891596798684
13.816666666666666,565.6198117635762
13.825,565.5128585954719
13.833333333333334,565.4946783637791
13.841666666666667,565.7811374910476
13.85,565.5450575400655
13.858333333333333,565.4544012686005
13.866666666666667,565.7511121698507
13.875,565.3628047528205
13.883333333333333,565.4687922788202
13.891666666666666,565.5686614446714
13.9,565.7219129502154
13.908333333333333,565.8116645341009
13.916666666666666,565.854635149571
13.924999999999999,566.1171287617209
13.933333333333334,566.5063629102452
13.941666666666666,566.3153058171124
13.95,566.3017651827107
13.958333333333334,566.3772785962593
13.966666666666667,566.1203257044
13.975,566.252084637019
13.983333333333333,566.2437091130697
13.991666666666667,565.96087780166
14.0,566.4248871146125
14.008333333333333,566.3644958928143
14.016666666666666,566.4267369041454
14.025,566.4556130803421
14.033333333333333,566.1645748142964
14.041666666666666,566.0858569667262
14.049999999999999,565.9354912355477
14.058333333333334,565.9781881712616
14.066666666666666,565.9673527071784
14.075,566.071204160402
14.083333333333334,566.3412300351506
14.091666666666667,566.1939097866589
14.1,566.1564001175907
14.108333333333333,566.1245348079583
14.116666666666667,566.0561458711559
14.125,566.1694825223632
14.133333333333333,566.1879867419779
14.141666666666666,566.2715283495685
14.15,566.2711752807238
14.158333333333333,566.3515613373743
14.166666666666666,566.3127782974891
14.174999999999999,566.22757523291
14.183333333333334,566.0880866759879
14.191666666666666,565.7893501521347
14.2,565.6464113412619
14.208333333333334,565.5793261764906
14.216666666666667,565.261108638351
14.225,565.0160735040488
14.233333333333333,564.9429755047656
14.241666666666667,564.8754178459826
14.25,564.626461112018
14.258333333333333,564.5842814168683
14.266666666666666,564.4843218357731
14.275,564.1535695572062
14.283333333333333,563.9239710527157
14.291666666666666,563.6851143419431
14.299999999999999,563.4843360657059
14.308333333333334,563.4592236715349
14.316666666666666,563.3508186066161
14.325,563.4874399126313
14.333333333333334,563.4366903935686
14.341666666666667,563.3238551548238
14.35,563.1443620503637
14.358333333333333,562.9516413155064
14.366666666666667,563.0982316706085
14.375,563.0423420009313
14.383333333333333,563.2253644057042
14.391666666666666,563.300701636998
14.4,563.2384565328579
14.408333333333333,563.1664113798321
14.416666666666666,562.8133818711076
14.424999999999999,563.0508277931041
14.433333333333334,562.9180260380773
14.441666666666666,562.9493828495416
14.45,563.0129428676588
14.458333333333334,562.860734824859
14.466666666666667,562.7492745108791
14.475,562.7012119033942
14.483333333333333,562.6620267844659
14.491666666666667,562.44010594856
14.5,562.3804507467853
14.508333333333333,562.2971042582883
14.516666666666666,562.0680311198767
14.525,562.0960934511552
14.533333333333333,561.9965486487482
14.541666666666666,562.1121627519921
14.549999999999999,561.7605051202112
14.558333333333334,561.8868348980527
14.566666666666666,561.6185019778906
14.575,561.9822524019972
14.583333333333334,562.4304438077666
14.591666666666667,562.2656033753326
14.6,562.2992798898715
14.608333333333333,561.9943450371426
14.616666666666667,562.1168862568461
14.625,562.3067191375862
14.633333333333333,562.4695409192906
14.641666666666666,562.4458369134381
14.65,562.426582863564
14.658333333333333,562.732256358125
14.666666666666666,562.5705256353881
14.674999999999999,562.8941310331851
14.683333333333334,562.9981165376176
14.691666666666666,563.0976695788424
14.7,563.3129386220508
14.708333333333334,563.7321518547565
14.716666666666667,563.8406244606604
14.725,564.2481236577308
14.733333333333333,564.4219592288226
14.741666666666667,564.4879938128935
14.75,565.2541124917849
14.758333333333333,565.4798289123048
14.766666666666666,565.9674191075302
14.775,566.2169836207909
14.783333333333333,566.4581798226749
14.791666666666666,566.97064518366
14.799999999999999,567.3479895878762
14.808333333333334,567.8882865405508
14.816666666666666,568.2265173233251
14.825,568.9500135650196
14.833333333333334,569.6531150736973
14.841666666666667,570.2789571724085
14.85,570.6089595738233
14.858333333333333,571.1171398697204
14.866666666666667,571.5190664600868
14.875,572.1822052576257
14.883333333333333,572.7557431384421
14.891666666666666,573.2451987187765
14.9,574.0223755517974
14.908333333333333,574.248727143085
14.916666666666666,574.9211465238377
14.924999999999999,575.337521517401
14.933333333333334,576.190705484652
14.941666666666666,576.5636987248258
14.95,576.9523612015096
14.958333333333334,577.5571183575911
14.966666666666667,577.8302403986752
14.975,578.6884761794636
14.983333333333333,579.0836298531082
14.991666666666667,579.4473940271819
15.0,579.7151442467455
15.008333333333333,580.5134944953855
15.016666666666666,581.2557942347983
15.025,581.7664282757024
15.033333333333333,581.8484425354164
15.041666666666666,582.4663890480964
15.049999999999999,583.4171916116408
15.058333333333334,584.0393674872977
15.066666666666666,584.6857080784624
15.075,585.0508945014276
15.083333333333334,586.3930459410755
15.091666666666667,586.6779542711002
15.1,587.2674445419724
15.108333333333333,588.344106825965
15.116666666666667,588.6439554903285
15.125,589.7461048311638
15.133333333333333,590.0864190751943
15.141666666666666,590.4591913719521
15.15,592.3096395584435
15.158333333333333,593.4390560843595
15.166666666666666,594.4559836645468
15.174999999999999,595.7311839535608
15.183333333333334,596.3708127094931
15.191666666666666,597.2297657613536
15.2,597.765483682976
15.208333333333334,598.0168292619358
15.216666666666667,599.1657046974752
15.225,600.2012065202368
15.233333333333333,600.8073167066655
15.241666666666667,601.8858808689831
15.25,602.6042748848668
15.258333333333333,603.6867847160503
15.266666666666666,604.3441971270842
15.275,605.1075811327784
15.283333333333333,606.1427316376711
15.291666666666666,606.9104510166184
15.299999999999999,607.9473795653421
15.308333333333334,608.9262413462279
15.316666666666666,609.0972781223114
15.325,609.9306288720804
15.333333333333334,610.6418125571932
15.341666666666667,611.0810869461268
15.35,611.8928951848529
15.358333333333333,612.5480943936249
15.366666666666667,613.8737994368769
15.375,614.7190090664147
15.383333333333333,615.8012744370341
15.391666666666666,616.6413741447006
15.4,617.0595184085554
15.408333333333333,617.861118028814
15.416666666666666,618.6478478857016
15.424999999999999,619.6369090189457
15.433333333333334,620.5939918311902
15.441666666666666,621.1646094651768
15.45,622.0652373442687
15.458333333333334,622.7695966070928
15.466666666666667,623.6139913542933
15.475,624.4583800464925
15.483333333333333,625.0491762747957
15.491666666666667,625.9588923004923
15.5,626.5915735948932
15.508333333333333,627.5164695536187
15.516666666666666,628.479748536945
15.525,629.2914774175879
15.533333333333333,630.100792548219
15.541666666666666,630.860693634325
15.549999999999999,631.882024995255
15.558333333333334,632.5312554613882
15.566666666666666,633.1899847532758
15.575,634.171407857943
15.583333333333334,635.2076816254036
15.591666666666667,635.8057103442405
15.6,636.7203805780347
15.608333333333333,637.9703901603581
15.616666666666667,638.6708387194869
15.625,639.6608377073276
15.633333333333333,640.35798837031
15.641666666666666,641.2600129585945
15.65,641.9541257143641
15.658333333333333,642.4072490922766
15.666666666666666,643.1377820528046
15.674999999999999,644.051643427551
15.683333333333334,644.5177342806878
15.691666666666666,645.5041966529292
15.7,646.5292072599565
15.708333333333334,646.8447356043558
15.716666666666667,647.6335236405739
15.725,648.3114586161075
15.733333333333333,648.4962505679013
15.741666666666667,649.273636406264
15.75,650.174820566846
15.758333333333333,650.7130692300067
15.766666666666666,651.3598655018326
15.775,652.5913117085191
15.783333333333333,653.1659612814352
15.791666666666666,653.5912091690287
15.799999999999999,654.3499824812513
15.808333333333334,655.1626880011438
15.816666666666666,655.6337424805109
15.825,656.5339622070014
15.833333333333334,657.3514254803925
15.841666666666667,658.0534063755395
15.85,659.1470897723982
15.858333333333333,660.2297095837529
15.866666666666667,661.0807163267916
15.875,661.527731049367
15.883333333333333,662.4401845796906
15.891666666666666,663.3248031101211
15.9,664.088941976642
15.908333333333333,665.1293695065494
15.916666666666666,666.3595001545211
15.924999999999999,667.2456831939046
15.933333333333334,668.2086066617805
15.941666666666666,669.045158540288
15.95,669.963364597344
15.958333333333334,671.248983831653
15.966666666666667,672.302657448937
15.975,673.338938358379
15.983333333333333,674.4193759980271
15.991666666666667,675.3790085219405
16.0,676.4987034838126
16.008333333333333,677.5079941285803
16.016666666666666,678.677500761542
16.025,679.8483295121687
16.03333333333333,680.998981953801
16.041666666666668,682.0683965797455
16.05,683.2782113834293
16.058333333333334,684.3258010315375
16.066666666666666,685.4452374550642
16.075,686.5553022507984
16.083333333333332,687.412696165675
16.091666666666665,688.90277991509
16.1,690.1719878950744
16.108333333333334,691.4440098786513
16.116666666666667,692.6581168242789
16.125,693.8049944795056
16.133333333333333,695.0481969705284
16.141666666666666,696.2064261230505
16.15,697.3144301806918
16.15833333333333,698.2754126918526
16.166666666666668,699.5510852782326
16.175,700.9252340868956
16.183333333333334,701.8427342744056
16.191666666666666,702.9368065957964
16.2,703.9949104174448
16.208333333333332,704.7826100146214
16.216666666666665,705.7817549921566
16.225,706.8159157983133
16.233333333333334,707.473900351545
16.241666666666667,708.2787651658098
16.25,709.1008120941634
16.258333333333333,709.9969649196311
16.266666666666666,710.3290509703884
16.275,710.9346914113218
16.28333333333333,711.6961051552661
16.291666666666668,712.4096561671047
16.3,713.095324222446
16.308333333333334,713.7595227013647
16.316666666666666,714.3187662280591
16.325,715.1159463431636
16.333333333333332,715.6548023839504
16.341666666666665,716.1567948209022
16.35,716.5603509501634
16.358333333333334,716.9947359422576
16.366666666666667,717.5562985819237
16.375,718.0660639093624
16.383333333333333,718.644299779743
16.391666666666666,719.1530587232288
16.4,719.6682799511781
16.40833333333333,720.3460309208411
16.416666666666668,720.9698395939031
16.425,721.5252390643924
16.433333333333334,722.0689583867551
16.441666666666666,722.6411309066885
16.45,723.2104903049774
16.458333333333332,723.4692078027315
16.466666666666665,723.9755009200801
16.475,724.4680963867661
16.483333333333334,725.0625087129899
16.491666666666667,725.7428645527066
16.5,726.0806774762344
16.508333333333333,726.6764397770008
16.516666666666666,727.2132140127567
16.525,727.7553966148105
16.53333333333333,728.3318471265962
16.541666666666668,729.065497875074
16.55,729.4848175775668
16.558333333333334,730.2438436260229
16.566666666666666,730.8876895817364
16.575,731.4077810278982
16.583333333333332,732.0603426385904
16.591666666666665,732.4853700011193
16.6,732.960076551056
16.608333333333334,733.3699483085269
16.616666666666667,733.9158290317919
16.625,734.5026077494934
16.633333333333333,734.9706406303047
16.641666666666666,735.2356287654554
16.65,735.4066452262133
16.65833333333333,735.8555050071499
16.666666666666668,736.1242236555677
16.675,736.3280839173563
16.683333333333334,736.5008516204114
16.691666666666666,736.7252251991604
16.7,736.8268059056765
16.708333333333332,737.1035755542222
16.716666666666665,737.0689087076133
16.725,736.9195958581258
16.733333333333334,737.1624915705122
16.741666666666667,737.5409070354941
16.75,737.8442242184815
16.758333333333333,738.1034128925315
16.766666666666666,738.3243740683989
16.775,738.8456156582229
16.78333333333333,739.0938429398725
16.791666666666668,739.388070770913
16.8,739.6040144750962
16.808333333333334,739.5125444175151
16.816666666666666,740.0412866209067
16.825,740.198001496454
16.833333333333332,740.6021583818814
16.841666666666665,741.0298796088749
16.85,741.5653263288405
16.858333333333334,742.0204326022961
16.866666666666667,742.6985579966229
16.875,743.0559286920554
16.883333333333333,743.2426890381793
16.891666666666666,743.4992408664352
16.9,743.8727961020726
16.90833333333333,744.1844517233692
16.916666666666668,744.4075232407661
16.925,744.6195439342298
16.933333333333334,744.8803637863753
16.941666666666666,744.9796197563409
16.95,745.353829009532
16.958333333333332,745.7949189358484
16.966666666666665,746.1370016387592
16.975,746.5072550885137
16.983333333333334,746.7433067358907
16.991666666666667,746.7470455735821
17.0,746.8491257404081
17.008333333333333,747.3359197161826
17.016666666666666,747.7601192332562
17.025,748.2076556438126
17.03333333333333,748.7030874104789
17.041666666666668,749.1127423952227
17.05,749.5301340526274
17.058333333333334,749.8747717441402
17.066666666666666,750.1195076341103
17.075,750.4150217536617
17.083333333333332,750.8593431881893
17.091666666666665,751.0825367812051
17.1,751.4224061070724
17.108333333333334,751.9350841592251
17.116666666666667,751.9793075381866
17.125,752.4204721548303
17.133333333333333,752.8884247968808
17.141666666666666,753.1971191794586
17.15,753.4296689454512
17.15833333333333,753.4424285457104
17.166666666666668,753.520234115577
17.175,753.3877790050004
17.183333333333334,753.310148976258
17.191666666666666,753.2603081891443
17.2,753.2392901225472
17.208333333333332,753.2021536267171
17.216666666666665,753.2943331607631
17.225,753.0277859296007
17.233333333333334,753.1243785870905
17.241666666666667,752.9995265912552
17.25,753.0062996880878
17.258333333333333,753.1831201100704
17.266666666666666,753.3912568593222
17.275,753.249049854575
17.28333333333333,753.1012202056826
17.291666666666668,753.1165802635405
17.3,753.026000846808
17.308333333333334,752.9079294816111
17.316666666666666,752.642997787051
17.325,752.3894360294184
17.333333333333332,751.8682957675953
17.341666666666665,751.3672922905696
17.35,750.8507461450542
17.358333333333334,750.3332052215034
17.366666666666667,749.6145522373666
17.375,749.5813079220324
17.383333333333333,749.1284428583215
17.391666666666666,748.6369410724983
17.4,748.1529858763379
17.40833333333333,747.2507311502336
17.416666666666668,746.7235805464586
17.425,746.4037006317677
17.433333333333334,745.9213439801186
17.441666666666666,745.3144424955273
17.45,744.4971833997384
17.458333333333332,743.6008524291461
17.466666666666665,742.7849215793717
17.475,741.8925852208781
17.483333333333334,741.1441674630078
17.491666666666667,740.491926306041
17.5,740.1854567193384
17.508333333333333,739.4767086028206
17.516666666666666,738.9080064955069
17.525,738.0038939274585
17.53333333333333,737.4784919442387
17.541666666666668,736.8998635141667
17.55,736.723258106817
17.558333333333334,735.9608488343403
17.566666666666666,735.4292997195977
17.575,734.6937893907411
17.583333333333332,733.7552123802442
17.591666666666665,733.3114074527856
17.6,732.719117627353
17.608333333333334,732.4982120457955
17.616666666666667,732.0633383139744
17.625,731.6877758055764
17.633333333333333,731.282879183795
17.641666666666666,730.9316440709676
17.65,730.5652911177414
17.65833333333333,730.1710328755188
17.666666666666668,729.6105100344238
17.675,729.3790614785898
17.683333333333334,729.2748022681543
17.691666666666666,729.4385996025951
17.7,729.008575705651
17.708333333333332,728.6509529804812
17.716666666666665,728.2852249970514
17.725,728.2031861963529
17.733333333333334,728.2702136793503
17.741666666666667,727.9271574405279
17.75,728.0759796645527
17.758333333333333,728.3106541025163
17.766666666666666,728.3994452311658
17.775,728.5325837730418
17.78333333333333,728.922437087862
17.791666666666668,729.1742292272645
17.8,729.2262597148016
17.808333333333334,729.185398819205
17.816666666666666,728.9754988819002
17.825,728.9673982143049
17.833333333333332,729.2131660718003
17.841666666666665,729.7170526003688
17.85,730.10289222465
17.858333333333334,730.2284371617603
17.866666666666667,730.6641167613612
17.875,730.6676173881621
17.883333333333333,730.9951147340796
17.891666666666666,731.1089096089491
17.9,730.9088710795437
17.90833333333333,731.1717847203299
17.916666666666668,731.4387908755754
17.925,731.7064371372201
17.933333333333334,731.5936593050284
17.941666666666666,731.7048373352932
17.95,731.8174247878485
17.958333333333332,731.8313003305536
17.966666666666665,732.1864783570898
17.975,732.1783260525398
17.983333333333334,732.2526337619638
17.991666666666667,732.4320023872842
18.0,732.4172832735683
18.008333333333333,732.43215288126
18.016666666666666,732.5593744167121
18.025,732.3125142681272
18.03333333333333,732.0885481272309
18.041666666666668,732.2136378639398
18.05,731.789280672725
18.058333333333334,731.5413898505847
18.066666666666666,731.2118438073456
18.075,730.9212265405465
18.083333333333332,730.2722636952401
18.091666666666665,729.6590366964688
18.1,729.0560067171448
18.108333333333334,728.6339129500174
18.116666666666667,727.8517063237099
18.125,727.3406645397755
18.133333333333333,726.720202575858
18.141666666666666,726.0337956664445
18.15,725.2967993104455
18.15833333333333,724.3870930782729
18.166666666666668,723.5449161362926
18.175,722.8864486849561
18.183333333333334,721.9620740164785
18.191666666666666,721.1197148750655
18.2,720.1780894280956
18.208333333333332,719.1030993835188
18.216666666666665,718.3087796124789
18.225,717.275858789618
18.233333333333334,716.5660068363113
18.241666666666667,716.0477138897626
18.25,715.515396368439
18.258333333333333,714.646389189787
18.266666666666666,714.0018566380506
18.275,713.5625065468347
18.28333333333333,713.0827523001225
18.291666666666668,712.6867937841942
18.3,712.6439690016042
18.308333333333334,712.7409204725141
18.316666666666666,712.8453831048363
18.325,712.7011988196725
18.333333333333332,712.7005274868312
18.341666666666665,712.8725133322562
18.35,712.6450485748522
18.358333333333334,712.4565656039083
18.366666666666667,712.1892637929917
18.375,711.878669690273
18.383333333333333,711.6878244996063
18.391666666666666,711.3784848295525
18.4,711.0689030887992
18.40833333333333,710.8390662762121
18.416666666666668,710.3424248599
18.425,709.757055760296
18.433333333333334,709.7988876468671
18.441666666666666,709.3421791188567
18.45,708.7712399466465
18.458333333333332,708.4408199589333
18.466666666666665,707.8915068934965
18.475,707.4119308901525
18.483333333333334,706.9983434974262
18.491666666666667,706.7308820665637
18.5,706.7572223780027
18.508333333333333,706.5798733172112
18.516666666666666,706.9368654948455
18.525,707.067294017577
18.53333333333333,706.7322525412574
18.541666666666668,706.5412899796663
18.55,706.474873789289
18.558333333333334,706.3674603941456
18.566666666666666,706.7301599270523
18.575,706.8319562888466
18.583333333333332,706.6314021062567
18.591666666666665,706.6906578162809
18.6,706.2006271593231
18.608333333333334,705.8851933607461
18.616666666666667,705.9195989390577
18.625,705.4884501100381
18.633333333333333,705.4144203330115
18.641666666666666,705.6428480798224
18.65,705.4513960679477
18.65833333333333,705.3990459303945
18.666666666666668,705.2004311363722
18.675,705.0230828269632
18.683333333333334,705.4622497129645
18.691666666666666,705.2340113081499
18.7,704.7836908010706
18.708333333333332,704.7082515470778
18.716666666666665,704.3247431194528
18.725,704.2031581790109
18.733333333333334,704.0008854159612
18.741666666666667,703.6123204160243
18.75,702.928524106081
18.758333333333333,702.4248072860187
18.766666666666666,702.0798516224171
18.775,701.4889581160573
18.78333333333333,700.719277233756
18.791666666666668,700.1399925432985
18.8,699.3124194333028
18.808333333333334,698.1784681357229
18.816666666666666,697.0780084537491
18.825,696.2095320431719
18.833333333333332,695.2379864018632
18.841666666666665,694.2054847207697
18.85,693.1257973698238
18.858333333333334,691.6303214068558
18.866666666666667,690.0755680750226
18.875,688.5905241700234
18.883333333333333,686.5105025812594
18.891666666666666,685.0883713824122
18.9,683.5766449195218
18.90833333333333,681.887286249579
18.916666666666668,680.1771705588641
18.925,677.8319093921931
18.933333333333334,676.0492548140222
18.941666666666666,674.1393312752394
18.95,672.2511387427019
18.958333333333332,670.353711722522
18.966666666666665,668.2869319496486
18.975,665.8548899501643
18.983333333333334,663.693140253948
18.991666666666667,661.8792528987709
19.0,660.1436131660536
19.008333333333333,658.4879722890033
19.016666666666666,657.1838605201154
19.025,655.7706524327812
19.03333333333333,654.4637869210164
19.041666666666668,652.7648618240987
19.05,651.2035695907908
19.058333333333334,649.521759451466
19.066666666666666,648.2753855353334
19.075,646.9846206902866
19.083333333333332,645.6623875400941
19.091666666666665,644.0059570309364
19.1,642.4467848536417
19.108333333333334,641.3478350079993
19.116666666666667,639.9979948416997
19.125,639.7726586929213
19.133333333333333,639.4138882964116
19.141666666666666,638.6584080856534
19.15,637.8976538391987
19.15833333333333,637.5225600391798
19.166666666666668,636.9779199281882
19.175,636.0458549682886
19.183333333333334,635.5774981991917
19.191666666666666,635.4402342337875
19.2,634.9381362802309
19.208333333333332,634.8373054478102
19.216666666666665,634.3176789475758
19.225,634.1360825115446
19.233333333333334,634.214743894899
19.241666666666667,634.4982188476197
19.25,634.8964050632985
19.258333333333333,634.9367600373299
19.266666666666666,634.9493638826585
19.275,635.1213245164485
19.28333333333333,634.9394833460316
19.291666666666668,634.9403096648207
19.3,634.9585029438153
19.308333333333334,634.7065683713276
19.316666666666666,634.5684750399574
19.325,634.5802766224082
19.333333333333332,634.0579883577653
19.341666666666665,633.5874193683857
19.35,634.0333506887032
19.358333333333334,634.2910100013794
19.366666666666667,634.5733843995837
19.375,634.9300059250918
19.383333333333333,635.2009115691317
19.391666666666666,635.681468534296
19.4,636.2215842363534
19.40833333333333,636.762672416278
19.416666666666668,637.1810587178775
19.425,637.4229710218524
19.433333333333334,637.8776205250003
19.441666666666666,638.2637705859422
19.45,638.696612223428
19.458333333333332,639.36824015721
19.466666666666665,639.8023839058739
19.475,640.6174850670354
19.483333333333334,641.1255548140286
19.491666666666667,641.6062960368101
19.5,642.0575960298141
19.508333333333333,642.7204181610176
19.516666666666666,643.3399115194567
19.525,644.0288434682427
19.53333333333333,644.3695792800509
19.541666666666668,645.2018306878981
19.55,645.615146675079
19.558333333333334,646.0800566580076
19.566666666666666,646.7322842578021
19.575,647.3035592872993
19.583333333333332,647.9807049287118
19.591666666666665,648.9113084558907
19.6,649.6120800733863
19.608333333333334,650.4820597920349
19.616666666666667,651.1860681630833
19.625,651.8278498955167
19.633333333333333,652.8848322365834
19.641666666666666,653.8470199343851
19.65,654.9768763572932
19.65833333333333,655.7723925137697
19.666666666666668,656.5175066159219
19.675,657.4182075875859
19.683333333333334,658.4997339116602
19.691666666666666,659.5295172920371
19.7,660.5664887006176
19.708333333333332,661.4855278027712
19.716666666666665,662.5744758002854
19.725,663.6832734913079
19.733333333333334,664.8200756629952
19.741666666666667,665.8237713034259
19.75,667.1342196148124
19.758333333333333,667.9694313194132
19.766666666666666,668.9082479198495
19.775,669.9898944523841
19.78333333333333,671.2305008525241
19.791666666666668,672.6847910823475
19.8,673.4839351136234
19.808333333333334,674.5511997767695
19.816666666666666,675.2602704442855
19.825,676.3177477441106
19.833333333333332,677.4047952704235
19.841666666666665,678.3576739767668
19.85,679.1736495465176
19.858333333333334,680.3197431944961
19.866666666666667,681.2564296511227
19.875,682.6966647783671
19.883333333333333,683.9044541674483
19.891666666666666,685.0212441603613
19.9,685.9974129451422
19.90833333333333,686.968355528749
19.916666666666668,688.0473291768922
19.925,689.0169718523598
19.933333333333334,689.7277224287606
19.941666666666666,690.1495891110346
19.95,690.7647593674916
19.958333333333332,691.3914357247262
19.966666666666665,692.3859401325575
19.975,693.0818891895971
19.983333333333334,693.814010073541
19.991666666666667,694.5162502135479
20.0,695.2717645143391
20.008333333333333,695.7689029568551
20.016666666666666,696.6139594088407
20.025,697.6797723351718
20.03333333333333,698.6839647546959
20.041666666666668,699.6016908019208
20.05,700.316956911984
20.058333333333334,700.7872599247735
20.066666666666666,701.5086838424269
20.075,702.5574205337034
20.083333333333332,703.0725516145721
20.091666666666665,703.4657115162906
20.1,704.2624178903438
20.108333333333334,704.9257130760951
20.116666666666667,705.4836898488919
20.125,706.328202529565
20.133333333333333,707.0854069506075
20.141666666666666,708.0166372499841
20.15,708.8119471127243
20.15833333333333,709.402061297842
20.166666666666668,709.988516907204
20.175,710.6738971846057
20.183333333333334,711.4709616394427
20.191666666666666,712.0641177561824
20.2,712.6787660220668
20.208333333333332,713.4261558875737
20.216666666666665,714.193797540348
20.225,714.6276832735992
20.233333333333334,714.9943245747754
20.241666666666667,715.4571217277672
20.25,716.2468962413482
20.258333333333333,716.6888511809241
20.266666666666666,717.2427411998694
20.275,717.6719824004869
20.28333333333333,717.9307413979138
20.291666666666668,718.1261754970403
20.3,718.678850661954
20.308333333333334,718.8710836458424
20.316666666666666,719.0788244513019
20.325,719.1238675543963
20.333333333333332,718.9804058543168
20.341666666666665,718.7400366532177
20.35,718.6163806506062
20.358333333333334,718.3140546564795
20.366666666666667,718.1329013351659
20.375,718.4032459509438
20.383333333333333,718.4045634772714
20.391666666666666,718.7323348213389
20.4,718.641243943258
20.40833333333333,718.7681674651541
20.416666666666668,718.5393435000091
20.425,718.2606504455081
20.433333333333334,717.7073513620181
20.441666666666666,717.6158570960044
20.45,717.5327177150308
20.458333333333332,717.3025260032422
20.466666666666665,716.6719710898252
20.475,716.2301473113312
20.483333333333334,715.7285880796635
20.491666666666667,715.7507955040154
20.5,716.0213418254706
20.508333333333333,715.8302213373718
20.516666666666666,715.4782549398963
20.525,715.2452278470598
20.53333333333333,715.0391476178095
20.541666666666668,714.8736138511725
20.55,714.8993705395618
20.558333333333334,714.9620812888188
20.566666666666666,714.6819785114723
20.575,714.6718832686025
20.583333333333332,715.0337361945716
20.591666666666665,714.8747716367584
20.6,715.0827945352144
20.608333333333334,715.3571817636797
20.616666666666667,715.4436857254211
20.625,715.5719355271792
20.633333333333333,715.6759068457392
20.641666666666666,715.978706680321
20.65,716.7332764895253
20.65833333333333,717.0970899013961
20.666666666666668,717.1846138708445
20.675,717.3416079693255
20.683333333333334,717.4931214746522
20.691666666666666,717.4929885815174
20.7,717.778181044224
20.708333333333332,717.9361700836018
20.716666666666665,718.4068106872883
20.725,718.865814465176
20.733333333333334,718.8202750057143
20.741666666666667,719.0650449178017
20.75,719.5184779161539
20.758333333333333,719.8207515422018
20.766666666666666,720.1763060966241
20.775,720.6493100138376
20.78333333333333,721.0244461340229
20.791666666666668,721.7943257844058
20.8,722.1607429828209
20.808333333333334,722.2823122981216
20.816666666666666,722.8919325511806
20.825,723.8760128520438
20.833333333333332,724.9116496681255
20.841666666666665,725.3831008915614
20.85,725.8078726534073
20.858333333333334,726.018105605014
20.866666666666667,726.3661799339429
20.875,727.0793345529743
20.883333333333333,727.8911923135518
20.891666666666666,728.6431257192772
20.9,728.9008842699972
20.90833333333333,729.1575947409251
20.916666666666668,729.2505385237332
20.925,729.4343116507504
20.933333333333334,729.9249485993138
20.941666666666666,730.6469705606619
20.95,730.8191380122407
20.958333333333332,731.3545601515185
20.966666666666665,731.6977595164427
20.975,731.9604844924905
20.983333333333334,732.3289545711166
20.991666666666667,732.9769021937516
21.0,733.5912314309334
21.008333333333333,733.9114147130547
21.016666666666666,733.8954456581804
21.025,734.1480730254647
21.03333333333333,734.4770909275342
21.041666666666668,734.8537572153626
21.05,735.2558213838805
21.058333333333334,735.4321578611999
21.066666666666666,735.6414336264805
21.075,735.862064905164
21.083333333333332,736.3790050219808
21.091666666666665,736.8556045235956
21.1,737.5881256529011
21.108333333333334,738.2318391731985
21.116666666666667,738.871804783105
21.125,739.6278004890892
21.133333333333333,740.5266203119232
21.141666666666666,741.2938443664664
21.15,742.0735276765056
21.15833333333333,742.7475341952778
21.166666666666668,743.6759984408727
21.175,744.6379582108192
21.183333333333334,745.3781328814382
21.191666666666666,746.8083175264417
21.2,747.3300643215098
21.208333333333332,748.1354592570115
21.216666666666665,749.1139191206867
21.225,750.2826445452898
21.233333333333334,751.6392070018143
21.241666666666667,752.6607304030387
21.25,753.0096642774619
21.258333333333333,753.3403408387404
21.266666666666666,754.2233993377761
21.275,754.9630780572282
21.28333333333333,755.6642352652583
21.291666666666668,756.229549556619
21.3,756.7315073108722
21.308333333333334,757.3602528570553
21.316666666666666,757.6847939588524
21.325,758.59007589548
21.333333333333332,759.4067039733817
21.341666666666665,760.1436667205375
21.35,761.058449572334
21.358333333333334,761.6637008161782
21.366666666666667,761.9822032080444
21.375,762.7233585188377
21.383333333333333,763.5089637920157
21.391666666666666,764.3632704657722
21.4,764.681611028922
21.40833333333333,765.4402963194505
21.416666666666668,765.8538287758466
21.425,765.7971203282524
21.433333333333334,766.5426990610123
21.441666666666666,766.8422862100628
21.45,767.7210303880985
21.458333333333332,768.6257564870884
21.466666666666665,768.8765971790315
21.475,769.1154515793802
21.483333333333334,769.5248295846388
21.491666666666667,769.4553310308287
21.5,769.5653351723361
21.508333333333333,769.5236904010861
21.516666666666666,769.7101714596963
21.525,769.4400719064181
21.53333333333333,769.2833247072896
21.541666666666668,769.6332474095564
21.55,769.3329969453284
21.558333333333334,769.42738487146
21.566666666666666,770.1147181510962
21.575,769.4298488002738
21.583333333333332,769.6567809905753
21.591666666666665,770.059466646105
21.6,769.7707654742146
21.608333333333334,770.0266964345623
21.616666666666667,770.2958107840601
21.625,770.1224025234575
21.633333333333333,770.210431425403
21.641666666666666,770.274126368035
21.65,770.5568369423673
21.65833333333333,770.7276769866397
21.666666666666668,771.2426630627217
21.675,770.6440180476991
21.683333333333334,770.6419529275539
21.691666666666666,771.269509467996
21.7,771.1440279736424
21.708333333333332,771.8474835594888
21.716666666666665,771.952936274615
21.725,772.3399511731612
21.733333333333334,772.4058354038089
21.741666666666667,772.8791334292423
21.75,773.3406335324095
21.758333333333333,773.8204840454861
21.766666666666666,774.3867933515708
21.775,774.4787375885792
21.78333333333333,774.3921969114598
21.791666666666668,775.3755120837191
21.8,775.6480097262922
21.808333333333334,776.1944963979843
21.816666666666666,776.2581230416371
21.825,775.9057122647507
21.833333333333332,775.5582324471652
21.841666666666665,775.9129266760465
21.85,775.8501263045285
21.858333333333334,775.9773886813326
21.866666666666667,776.2558536181411
21.875,776.4395827140884
21.883333333333333,776.6617501103339
21.891666666666666,777.0427424673122
21.9,777.4499326707459
21.90833333333333,778.2242686322476
21.916666666666668,779.044385261834
21.925,779.0251365017181
21.933333333333334,778.9085361049753
21.941666666666666,779.3778333774964
21.95,779.3439309708966
21.958333333333332,779.5501401413526
21.966666666666665,779.7109255223648
21.975,779.8709819084218
21.983333333333334,779.4448160104143
21.991666666666667,779.3718123040258
22.0,780.0597009267927
22.008333333333333,780.4471664348945
22.016666666666666,780.1669897122199
22.025,781.2728867235321
22.03333333333333,781.7741885767616
22.041666666666668,782.4708366820942
22.05,782.3684537811025
22.058333333333334,782.7376235473757
22.066666666666666,782.6528159446225
22.075,782.7958640162107
22.083333333333332,782.9203273347306
22.091666666666665,782.8893483873366
22.1,783.2162267007843
22.108333333333334,783.4121488569596
22.116666666666667,782.4487823092054
22.125,782.3538361799846
22.133333333333333,783.0103800338793
22.141666666666666,783.3303515825629
22.15,784.0096183239676
22.15833333333333,784.051775940501
22.166666666666668,784.5288936532882
22.175,784.1898931628763
22.183333333333334,783.9822036980615
22.191666666666666,783.2241454039246
22.2,783.3774804182082
22.208333333333332,783.8179807244788
22.216666666666665,784.737866882472
22.225,784.0565385068335
22.233333333333334,784.9863303124962
22.241666666666667,784.3314514065263
22.25,785.0071105212016
22.258333333333333,785.7052337813539
22.266666666666666,786.7794309645158
22.275,787.9184552603896
22.28333333333333,788.3834403119968
22.291666666666668,788.7234284608259
22.3,789.4845001385276
22.308333333333334,790.437414983371
22.316666666666666,790.9440226772952
22.325,791.1227701577865
22.333333333333332,791.9414175891301
22.341666666666665,793.181094301771
22.35,793.9517059876085
22.358333333333334,794.7176069121748
22.366666666666667,795.6013985476409
22.375,796.7734682231476
22.383333333333333,798.0093356326709
22.391666666666666,800.216671981669
22.4,801.5319579207497
22.40833333333333,803.5724083756461
22.416666666666668,805.1094953419632
22.425,806.586520015524
22.433333333333334,807.5545487619936
22.441666666666666,809.4390356525874
22.45,810.654809949879
22.458333333333332,811.694670846654
22.466666666666665,812.0863500914858
22.475,813.755927026282
22.483333333333334,814.7059769818729
22.491666666666667,815.994869254317
22.5,817.6827865297759
22.508333333333333,819.3882303531755
22.516666666666666,820.9752007262424
22.525,823.7222810169479
22.53333333333333,825.6914153443828
22.541666666666668,828.1962507461625
22.55,830.8068890412876
22.558333333333334,833.8179069861174
22.566666666666666,836.9947045958278
22.575,840.887114351037
22.583333333333332,844.2212572056154
22.591666666666665,846.6468379484371
22.6,849.5167749094121
22.608333333333334,852.4291806199814
22.616666666666667,855.9452107230766
22.625,859.4162329240814
22.633333333333333,862.2357530807428
22.641666666666666,865.4144377617783
22.65,869.0492111447215
22.65833333333333,871.8009511133399
22.666666666666668,874.5380169514004
22.675,877.3505980821429
22.683333333333334,880.9537964889329
22.691666666666666,884.4323502137696
22.7,887.3576656755478
22.708333333333332,889.8539148443053
22.716666666666665,892.6542862461838
22.725,895.9268164030866
22.733333333333334,899.6368502984708
22.741666666666667,902.1067733178181
22.75,905.8018184928567
22.758333333333333,909.3906652351827
22.766666666666666,911.794790919804
22.775,914.337600380004
22.78333333333333,915.7531260522279
22.791666666666668,918.3140420024951
22.8,921.6111136139872
22.808333333333334,924.0406875451641
22.816666666666666,927.4131652602902
22.825,929.1577791983353
22.833333333333332,931.8373004665683
22.841666666666665,934.2395462163106
22.85,936.1046671188285
22.858333333333334,939.5984739885241
22.866666666666667,941.0814260167529
22.875,943.0963168952505
22.883333333333333,944.8696219802252
22.891666666666666,946.5487293017268
22.9,948.5759668906859
22.90833333333333,950.2853505851322
22.916666666666668,952.4213075681719
22.925,954.0667513831636
22.933333333333334,956.6637612062824
22.941666666666666,958.7518599586853
22.95,961.5481612643199
22.958333333333332,964.0135501477683
22.966666666666665,967.4509432027809
22.975,969.4651135988204
22.983333333333334,971.1683072575304
22.991666666666667,973.5679821819282
23.0,976.2044062732435
23.008333333333333,978.7115366977059
23.016666666666666,980.7231824515877
23.025,983.0588794226404
23.03333333333333,984.6344599146587
23.041666666666668,986.5669689314662
23.05,988.308831507937
23.058333333333334,990.6930575228328
23.066666666666666,993.2177574973904
23.075,994.626101800684
23.083333333333332,995.988792948114
23.091666666666665,997.7759986530581
23.1,999.0848416551685
23.108333333333334,1001.6608888093691
23.116666666666667,1004.3801949264147
23.125,1006.0050331124777
23.133333333333333,1007.3415571068359
23.141666666666666,1009.0763917750003
23.15,1011.4416308346922
23.15833333333333,1013.3103422097034
23.166666666666668,1015.273783649598
23.175,1016.445993643702
23.183333333333334,1018.4880130188311
23.191666666666666,1020.7697007256712
23.2,1022.3407210074446
23.208333333333332,1024.0563387257425
23.216666666666665,1026.2423478951544
23.225,1028.7181339872075
23.233333333333334,1030.5128222625644
23.241666666666667,1031.799574477633
23.25,1033.6169298724433
23.258333333333333,1035.3535727239728
23.266666666666666,1036.792862013784
23.275,1038.1822748513855
23.28333333333333,1038.582671837396
23.291666666666668,1039.4376003284553
23.3,1040.2610353699642
23.308333333333334,1040.4629465990947
23.316666666666666,1040.4724243141309
23.325,1040.7042949048102
23.333333333333332,1040.7693344541015
23.341666666666665,1040.7335523949123
23.35,1041.0913951175291
23.358333333333334,1041.2368285286375
23.366666666666667,1041.698019272342
23.375,1042.3553559437325
23.383333333333333,1042.7679808670475
23.391666666666666,1043.4409685466885
23.4,1043.8016411192511
23.40833333333333,1043.4610133816107
23.416666666666668,1043.7428090646633
23.425,1044.2751282904044
23.433333333333334,1045.0098142384973
23.441666666666666,1045.9376643766798
23.45,1047.122026623574
23.458333333333332,1048.4869502107663
23.466666666666665,1049.7195892747334
23.475,1051.9108651319314
23.483333333333334,1053.839762529152
23.491666666666667,1056.1300886484373
23.5,1058.6493926401256
23.508333333333333,1060.5438209086717
23.516666666666666,1062.1242489545
23.525,1064.2803745439744
23.53333333333333,1066.1155202567006
23.541666666666668,1068.7748583600096
23.55,1070.1792810559682
23.558333333333334,1072.2295105620317
23.566666666666666,1074.4321918593653
23.575,1076.9633644688681
23.583333333333332,1079.2887377601419
23.591666666666665,1081.9495346606764
23.6,1084.658987031941
23.608333333333334,1087.5471390221214
23.616666666666667,1090.3342030173276
23.625,1093.255835341177
23.633333333333333,1096.604912554334
23.641666666666666,1099.984600393913
23.65,1102.565606074199
23.65833333333333,1105.3633941295552
23.666666666666668,1108.0610683446125
23.675,1110.104425087265
23.683333333333334,1111.6091653104359
23.691666666666666,1113.859935968916
23.7,1115.559075214448
23.708333333333332,1117.4289052893478
23.716666666666665,1119.5354060833868
23.725,1121.8762354883236
23.733333333333334,1124.19085828192
23.741666666666667,1126.882654153934
23.75,1128.6050706640328
23.758333333333333,1130.3754842159112
23.766666666666666,1132.386744274933
23.775,1134.0747110765121
23.78333333333333,1135.4842892450904
23.791666666666668,1136.7510153187222
23.8,1138.334621288464
23.808333333333334,1140.2667615214596
23.816666666666666,1142.424243899303
23.825,1144.8715993712249
23.833333333333332,1147.2372105055586
23.841666666666665,1148.7996202296586
23.85,1150.553009097686
23.858333333333334,1152.521371568006
23.866666666666667,1154.0528676903164
23.875,1156.1489210734046
23.883333333333333,1157.8872556408655
23.891666666666666,1159.9934366855873
23.9,1162.0989059150386
23.90833333333333,1163.5784928425564
23.916666666666668,1165.5762553652778
23.925,1165.499770051681
23.933333333333334,1166.4344828721987
23.941666666666666,1168.4699369996158
23.95,1170.6758216079895
23.958333333333332,1172.3865676343398
23.966666666666665,1173.9232113639857
23.975,1176.0109290874132
23.983333333333334,1177.3152109048522
23.991666666666667,1178.5655739047872
24.0,1180.599278016187
24.008333333333333,1182.0261694863595
24.016666666666666,1183.242187867131
24.025,1185.4669821585082
24.03333333333333,1187.2488922705813
24.041666666666668,1188.6276175917096
24.05,1190.336625742367
24.058333333333334,1191.2986926287103
24.066666666666666,1193.1333440243054
24.075,1195.2548494562857
24.083333333333332,1198.0451165716636
24.091666666666665,1198.8742359355383
24.1,1199.9201542061705
24.108333333333334,1200.8756063959122
24.116666666666667,1201.2714074604282
24.125,1203.6054515208314
24.133333333333333,1206.9636041188733
24.141666666666666,1210.1136373193096
24.15,1212.6377078338458
24.15833333333333,1215.433055942863
24.166666666666668,1218.2099295176722
24.175,1220.5069916345208
24.183333333333334,1223.2238908835445
24.191666666666666,1224.392284013694
24.2,1224.9714328585792
24.208333333333332,1226.7099800602484
24.216666666666665,1226.9975007221435
24.225,1228.2010077382452
24.233333333333334,1230.2425034027744
24.241666666666667,1231.499844626387
24.25,1232.0264457033604
24.258333333333333,1234.3076898134173
24.266666666666666,1236.0372127670194
24.275,1238.2401366202264
24.28333333333333,1240.3301827435891
24.291666666666668,1241.949785838377
24.3,1243.1389189619447
24.308333333333334,1245.6997106084473
24.316666666666666,1246.7575423115663
24.325,1248.2331931081146
24.333333333333332,1250.2696664758892
24.341666666666665,1252.9433425773386
24.35,1255.6928087892245
24.358333333333334,1258.6323486459603
24.366666666666667,1261.1786764361307
24.375,1264.412577250997
24.383333333333333,1267.9808378956798
24.391666666666666,1270.578844453378
24.4,1273.279238241115
24.40833333333333,1275.0495326541236
24.416666666666668,1278.1137349296098
24.425,1281.4785527254173
24.433333333333334,1283.9737121259664
24.441666666666666,1287.3325252527964
24.45,1292.4353343909975
24.458333333333332,1297.0278809661431
24.466666666666665,1302.2678211015582
24.475,1306.8453478341708
24.483333333333334,1312.7892233663702
24.491666666666667,1318.8984661603204
24.5,1326.8010791164095
24.508333333333333,1332.435880241857
24.516666666666666,1337.418796072537
24.525,1342.184110135849
24.53333333333333,1345.9225919906419
24.541666666666668,1352.8525692799997
24.55,1360.1415717220082
24.558333333333334,1369.0434906945536
24.566666666666666,1379.6782510094333
24.575,1389.9868279000086
24.583333333333332,1400.900991276467
24.591666666666665,1411.7540490034444
24.6,1423.093902918468
24.608333333333334,1432.9324076181222
24.616666666666667,1439.8372420216883
24.625,1448.0000619270584
24.633333333333333,1453.3840615537447
24.641666666666666,1458.3907995237962
24.65,1462.689948048057
24.65833333333333,1466.6024971596805
24.666666666666668,1473.263253473487
24.675,1477.874163000764
24.683333333333334,1482.6149667855382
24.691666666666666,1483.3032287342053
24.7,1484.4066278804855
24.708333333333332,1487.7816642877963
24.716666666666665,1489.173596322544
24.725,1490.566570195095
24.733333333333334,1488.8137755530174
24.741666666666667,1485.0250033665789
24.75,1481.584432084607
24.758333333333333,1474.3366570970336
24.766666666666666,1465.2776171512478
24.775,1456.1442189684356
24.78333333333333,1446.0907853280178
24.791666666666668,1430.6789833886614
24.8,1417.7325867479785
24.808333333333334,1401.0104483720897
24.816666666666666,1385.4164955963076
24.825,1369.0255289237275
24.833333333333332,1355.7032172756813
24.841666666666665,1346.0371760416988
24.85,1340.8552941195817
24.858333333333334,1331.705946865139
24.866666666666667,1316.9839960743975
24.875,1308.7383351790845
24.883333333333333,1303.0792695156429
24.891666666666666,1291.668359868257
24.9,1274.3756824571678
24.90833333333333,1263.4796247162174
24.916666666666668,1261.4343132177366
24.925,1250.6769529780147
24.933333333333334,1237.1446269478379
24.941666666666666,1239.5002934303068
24.95,1229.312700112821
24.958333333333332,1229.8475835162988
24.966666666666665,1212.718661018001
24.975,1210.82937758436
24.983333333333334,1224.4016901531538
24.991666666666667,1247.2784055786478
25.0,1281.9332111795131
