lag_frame[sec],MSD_[px^2]
0.008333333333333333,1.2892055886746254
0.016666666666666666,2.1198241425604225
0.025,2.9541837921578176
0.03333333333333333,3.7786955508425093
0.041666666666666664,4.625545233756903
0.05,5.426004490936403
0.058333333333333334,6.231509033617002
0.06666666666666667,7.01385763875166
0.075,7.8057607016032335
0.08333333333333333,8.584591608140284
0.09166666666666666,9.370726447142573
0.1,10.138362798532404
0.10833333333333334,10.908654060201965
0.11666666666666667,11.648781501243409
0.125,12.406288289027902
0.13333333333333333,13.148855109718555
0.14166666666666666,13.892907632284574
0.15,14.63164512814426
0.15833333333333333,15.363838250943001
0.16666666666666666,16.112005864716146
0.175,16.884249367603715
0.18333333333333332,17.644360210187767
0.19166666666666665,18.378047703510624
0.2,19.13111770305672
0.20833333333333334,19.88634205413426
0.21666666666666667,20.65201559635418
0.225,21.41817117068151
0.23333333333333334,22.180039270684176
0.24166666666666667,22.91642216390927
0.25,23.644545167982322
0.2583333333333333,24.357373748372243
0.26666666666666666,25.06836341708972
0.275,25.77059076581262
0.2833333333333333,26.478008903493958
0.2916666666666667,27.206205396694113
0.3,27.90382732933062
0.30833333333333335,28.606408874182815
0.31666666666666665,29.339279263765448
0.325,30.062154980134455
0.3333333333333333,30.755015460736992
0.3416666666666667,31.42241286603084
0.35,32.08550839292182
0.35833333333333334,32.81349431646108
0.36666666666666664,33.483916269486514
0.375,34.170715112611525
0.3833333333333333,34.894939912970884
0.39166666666666666,35.5807709754102
0.4,36.27301692140063
0.4083333333333333,37.00186627424414
0.4166666666666667,37.719057494389894
0.425,38.415692569473386
0.43333333333333335,39.12762322170875
0.44166666666666665,39.823833514848204
0.45,40.549330593091284
0.4583333333333333,41.25687486451806
0.4666666666666667,41.98553078947244
0.475,42.66789814245223
0.48333333333333334,43.38263605950655
0.49166666666666664,44.08899922088406
0.5,44.79780533640008
0.5083333333333333,45.525391863839225
0.5166666666666666,46.21812337571098
0.525,46.979913397731075
0.5333333333333333,47.69541761965409
0.5416666666666666,48.43940952269753
0.55,49.16383126656774
0.5583333333333333,49.90443687394508
0.5666666666666667,50.63003253662035
0.575,51.372891040774874
0.5833333333333334,52.10366571702291
0.5916666666666667,52.836319295951185
0.6,53.555121511745206
0.6083333333333333,54.25314509256007
0.6166666666666667,54.983162820803194
0.625,55.70063822332359
0.6333333333333333,56.40514360970512
0.6416666666666666,57.115820329848624
0.65,57.820877574348636
0.6583333333333333,58.52803607970685
0.6666666666666666,59.25850460857046
0.675,59.96686102775436
0.6833333333333333,60.70662611872203
0.6916666666666667,61.446682922580436
0.7,62.15876662888121
0.7083333333333334,62.85936821818133
0.7166666666666667,63.596716109285886
0.725,64.30467242581115
0.7333333333333333,65.07294152275526
0.7416666666666667,65.76569897044016
0.75,66.54289612496056
0.7583333333333333,67.31152160180055
0.7666666666666666,68.06597778368598
0.775,68.82606765495092
0.7833333333333333,69.57467267697791
0.7916666666666666,70.32137535740364
0.8,71.0433583409842
0.8083333333333333,71.80432406661706
0.8166666666666667,72.55634418025872
0.825,73.29777751228332
0.8333333333333334,74.04082315600196
0.8416666666666667,74.79962073902101
0.85,75.53053907519632
0.8583333333333333,76.26064510784384
0.8666666666666667,77.0379091799428
0.875,77.80262525175878
0.8833333333333333,78.56185531397915
0.8916666666666666,79.32161860955163
0.9,80.12566446049996
0.9083333333333333,80.9213080470677
0.9166666666666666,81.70215257027844
0.9249999999999999,82.50341599307984
0.9333333333333333,83.28817081033307
0.9416666666666667,84.0500936327696
0.95,84.83244283443005
0.9583333333333334,85.5946490631526
0.9666666666666667,86.42799703501824
0.975,87.20283955433291
0.9833333333333333,87.99733673697612
0.9916666666666667,88.71959586180044
1.0,89.48805891199888
1.0083333333333333,90.22546814693064
1.0166666666666666,91.00941787245578
1.025,91.76296029431415
1.0333333333333332,92.54324708293038
1.0416666666666667,93.29586745754294
1.05,94.02599140765587
1.0583333333333333,94.77400536682714
1.0666666666666667,95.53038528978966
1.075,96.2762749936558
1.0833333333333333,97.00649043781888
1.0916666666666666,97.68492167090645
1.1,98.48859825491536
1.1083333333333334,99.17758510268503
1.1166666666666667,99.94285435398031
1.125,100.72934505840601
1.1333333333333333,101.45988048159143
1.1416666666666666,102.18450253951941
1.15,102.93401045441419
1.1583333333333332,103.63745328668833
1.1666666666666667,104.40774238682422
1.175,105.11562438365128
1.1833333333333333,105.86938143198685
1.1916666666666667,106.58319116775073
1.2,107.33661973129247
1.2083333333333333,108.0946041531865
1.2166666666666666,108.82572733395716
1.225,109.59635746523074
1.2333333333333334,110.36361463532532
1.2416666666666667,111.1653789212777
1.25,111.9464815749109
1.2583333333333333,112.68248175894159
1.2666666666666666,113.44027730893063
1.275,114.2051395418076
1.2833333333333332,114.92641138303809
1.2916666666666667,115.71169520996747
1.3,116.50451200742053
1.3083333333333333,117.25265434205497
1.3166666666666667,118.03190001275243
1.325,118.77198952971598
1.3333333333333333,119.51499212903819
1.3416666666666666,120.29608481712137
1.35,121.05980158177586
1.3583333333333334,121.79481768536301
1.3666666666666667,122.55218950183136
1.375,123.35145512500144
1.3833333333333333,124.11168618503292
1.3916666666666666,124.83867836177419
1.4,125.55106103777119
1.4083333333333332,126.34074994209253
1.4166666666666667,127.1048324596602
1.425,127.83490812375416
1.4333333333333333,128.54752625376915
1.4416666666666667,129.32764575253645
1.45,130.13417768689197
1.4583333333333333,130.96482156491174
1.4666666666666666,131.68698187021963
1.475,132.46010194776628
1.4833333333333334,133.24364975603618
1.4916666666666667,134.05773440842464
1.5,134.82591243117466
1.5083333333333333,135.56512384625913
1.5166666666666666,136.40033954190363
1.525,137.20516723559055
1.5333333333333332,137.99583622665924
1.5416666666666667,138.76621683891653
1.55,139.50299923779747
1.5583333333333333,140.26076258700104
1.5666666666666667,140.94274328472352
1.575,141.75439378248402
1.5833333333333333,142.4759594292738
1.5916666666666666,143.27450340296227
1.6,144.02086021704986
1.6083333333333334,144.75109532839824
1.6166666666666667,145.4840096477605
1.625,146.15450493363304
1.6333333333333333,146.86880943923458
1.6416666666666666,147.6646184170484
1.65,148.4118367548498
1.6583333333333332,149.11753238745055
1.6666666666666667,149.8356545117893
1.675,150.5808008990114
1.6833333333333333,151.27199009591192
1.6916666666666667,151.9954842487826
1.7,152.6405762681447
1.7083333333333333,153.3842618963006
1.7166666666666666,154.08106661358818
1.7249999999999999,154.8403588846487
1.7333333333333334,155.48013878142783
1.7416666666666667,156.35758310874397
1.75,157.0256243411284
1.7583333333333333,157.65127100148229
1.7666666666666666,158.32427467046878
1.775,159.04049063463577
1.7833333333333332,159.73649805629836
1.7916666666666667,160.50405245983896
1.8,161.05998397783114
1.8083333333333333,161.74680278133326
1.8166666666666667,162.55455195478316
1.825,163.1038766364304
1.8333333333333333,163.93761255382867
1.8416666666666666,164.6237518019666
1.8499999999999999,165.3684624182614
1.8583333333333334,166.2349587801753
1.8666666666666667,166.88178494958424
1.875,167.57684736261598
1.8833333333333333,168.3919165351176
1.8916666666666666,169.1834977004992
1.9,169.77677156698138
1.9083333333333332,170.44603107397745
1.9166666666666667,171.29530661560503
1.925,171.91584164860762
1.9333333333333333,172.62586573570775
1.9416666666666667,173.32566079237264
1.95,174.01555761918166
1.9583333333333333,174.75996410710113
1.9666666666666666,175.51959559135983
1.9749999999999999,176.2320359863557
1.9833333333333334,176.99601713653848
1.9916666666666667,177.81344745633325
2.0,178.52072394867056
2.0083333333333333,179.11834907558543
2.0166666666666666,179.84548638810108
2.025,180.44264678191269
2.033333333333333,181.2187117507601
2.0416666666666665,181.96541820848273
2.05,182.73526323999343
2.058333333333333,183.3982210893842
2.0666666666666664,184.16114607322407
2.075,184.88351485967675
2.0833333333333335,185.51367250806655
2.091666666666667,186.3551433516389
2.1,187.0342163075111
2.1083333333333334,187.62881454129683
2.1166666666666667,188.45806012793278
2.125,189.2412008820051
2.1333333333333333,189.9400268784883
2.1416666666666666,190.68119739041364
2.15,191.42326126017366
2.158333333333333,192.10798568337083
2.1666666666666665,192.85088912519484
2.175,193.5897593117581
2.183333333333333,194.27397310895978
2.1916666666666664,194.98000568149064
2.2,195.73535739161468
2.2083333333333335,196.5297291551976
2.216666666666667,197.31625949314326
2.225,198.2228960006623
2.2333333333333334,199.1087755950571
2.2416666666666667,199.84015531389528
2.25,200.6470741988223
2.2583333333333333,201.49939241342835
2.2666666666666666,202.20822715418797
2.275,203.066941827439
2.283333333333333,203.98118180610658
2.2916666666666665,204.7739701398292
2.3,205.57219923030857
2.308333333333333,206.38485965111158
2.3166666666666664,207.15775821951522
2.325,207.9715556599333
2.3333333333333335,208.72583460298236
2.341666666666667,209.48948966926767
2.35,210.3183283214147
2.3583333333333334,211.1503283458826
2.3666666666666667,211.9644170672572
2.375,212.91429798251949
2.3833333333333333,213.88989165721034
2.3916666666666666,214.67809445089128
2.4,215.603811201969
2.408333333333333,216.36863290000446
2.4166666666666665,217.31747022570087
2.425,218.14692622126722
2.433333333333333,219.00299719909043
2.4416666666666664,219.9859478511239
2.45,220.99293385791108
2.4583333333333335,221.8572061924309
2.466666666666667,222.74420636018164
2.475,223.6810420393528
2.4833333333333334,224.66675935820595
2.4916666666666667,225.63647378008156
2.5,226.5883949727033
2.5083333333333333,227.54543577323608
2.5166666666666666,228.41950802766414
2.525,229.2742068614524
2.533333333333333,230.19846941190247
2.5416666666666665,231.04251909428535
2.55,231.78625098471
2.558333333333333,232.78323293559504
2.5666666666666664,233.45749414832332
2.575,234.35333633287928
2.5833333333333335,235.08995789200844
2.591666666666667,235.94102838270643
2.6,236.6657849499704
2.6083333333333334,237.381755003573
2.6166666666666667,238.13659302658846
2.625,238.9468867784535
2.6333333333333333,239.6303086336727
2.6416666666666666,240.4133607415615
2.65,241.34342006871321
2.658333333333333,242.03331793512135
2.6666666666666665,242.9448989974837
2.675,243.77668438420628
2.683333333333333,244.62293761283482
2.6916666666666664,245.63322917453053
2.7,246.62995292707717
2.7083333333333335,247.4215051036795
2.716666666666667,248.19403681135552
2.725,248.8987088857183
2.7333333333333334,249.8888588648319
2.7416666666666667,250.60248348952803
2.75,251.50832048444482
2.7583333333333333,252.35543938849287
2.7666666666666666,253.1666298303695
2.775,254.06007807260443
2.783333333333333,254.69314425809029
2.7916666666666665,255.53204522380406
2.8,256.29921732496666
2.808333333333333,256.9025254508197
2.8166666666666664,257.5626602378107
2.825,258.3589645276153
2.8333333333333335,259.3053819816963
2.841666666666667,259.9050889317863
2.85,260.69221251875956
2.8583333333333334,261.4536251487355
2.8666666666666667,262.2517101986839
2.875,263.1096218217065
2.8833333333333333,263.7325805333271
2.8916666666666666,264.61133977041663
2.9,265.3012149772048
2.908333333333333,265.9917408706418
2.9166666666666665,266.49501248252733
2.925,267.32100232928866
2.933333333333333,268.2747991622391
2.9416666666666664,268.8380248135611
2.95,269.7738320564441
2.9583333333333335,270.46532139393815
2.966666666666667,271.2364301971416
2.975,271.88940308545625
2.9833333333333334,272.7852850371814
2.9916666666666667,273.52681522011244
3.0,274.1234801832818
3.0083333333333333,275.13986234381895
3.0166666666666666,275.7608155417071
3.025,276.6759592506995
3.033333333333333,277.30863722184665
3.0416666666666665,277.9322759462608
3.05,278.97982232418576
3.058333333333333,279.54647651139595
3.0666666666666664,280.0745859770418
3.075,280.8050363736369
3.0833333333333335,281.636242632601
3.091666666666667,282.1428061743983
3.1,282.7196045972914
3.1083333333333334,283.3096012629514
3.1166666666666667,283.9145010381276
3.125,284.4984283272148
3.1333333333333333,285.24251502847386
3.1416666666666666,285.8025394831213
3.15,286.66337486691896
3.158333333333333,287.3979587916286
3.1666666666666665,288.20149394399084
3.175,288.6747148308397
3.183333333333333,289.73814765415966
3.1916666666666664,290.44821600969726
3.2,290.9184407943113
3.2083333333333335,291.60110497009777
3.216666666666667,292.4341021120233
3.225,292.70033656890416
3.2333333333333334,293.6225270860441
3.2416666666666667,293.91683710902845
3.25,294.8881185986338
3.2583333333333333,295.2709323447241
3.2666666666666666,295.6146076981321
3.275,296.38610004487987
3.283333333333333,296.84637802359623
3.2916666666666665,297.43435790740114
3.3,297.99115843485635
3.308333333333333,298.48199193987307
3.3166666666666664,299.05525485981104
3.3249999999999997,299.66626511162593
3.3333333333333335,300.1096114125146
3.341666666666667,300.7100118404948
3.35,301.4597285397268
3.3583333333333334,302.2931125510161
3.3666666666666667,302.6603260787312
3.375,303.1197258896227
3.3833333333333333,303.7462752603327
3.3916666666666666,304.4536491987533
3.4,304.8630905960796
3.408333333333333,305.4632426459953
3.4166666666666665,306.26160269636836
3.425,306.4962741488785
3.433333333333333,307.312473744671
3.4416666666666664,307.793085456805
3.4499999999999997,308.70623875328204
3.4583333333333335,308.93433906948076
3.466666666666667,309.57756031350647
3.475,310.09419311785905
3.4833333333333334,310.49807011612074
3.4916666666666667,311.3951347286602
3.5,311.8079008517722
3.5083333333333333,311.95783142736843
3.5166666666666666,312.60826987690854
3.525,313.0619419552485
3.533333333333333,313.979906241611
3.5416666666666665,314.16915970876477
3.55,314.78943214242105
3.558333333333333,315.27356701879455
3.5666666666666664,315.9610409225564
3.5749999999999997,316.508617250509
3.5833333333333335,317.09624884392895
3.591666666666667,317.67769638783875
3.6,317.9616896327812
3.6083333333333334,318.5390345237332
3.6166666666666667,319.1910361229536
3.625,319.7056667334631
3.6333333333333333,320.56205951973277
3.6416666666666666,321.1084577858416
3.65,321.3796251666152
3.658333333333333,322.3684147907527
3.6666666666666665,322.9172506075415
3.675,324.00490187355
3.683333333333333,324.3345439673121
3.6916666666666664,324.8790008025988
3.6999999999999997,325.5636845551601
3.7083333333333335,326.11595109297997
3.716666666666667,326.85872730200504
3.725,327.26950327530886
3.7333333333333334,328.1584553255175
3.7416666666666667,328.53712412694324
3.75,329.45442187796107
3.7583333333333333,329.88842117997865
3.7666666666666666,330.7813303142815
3.775,331.2266441311077
3.783333333333333,332.05406846255886
3.7916666666666665,332.6525854929557
3.8,333.4658279899597
3.808333333333333,334.0950123651086
3.8166666666666664,334.77727888021127
3.8249999999999997,335.4829465458344
3.8333333333333335,335.96714482369384
3.841666666666667,336.4030751231391
3.85,337.163157513067
3.8583333333333334,337.93861651635154
3.8666666666666667,338.5081321336906
3.875,338.87656338987057
3.8833333333333333,339.60744606468234
3.8916666666666666,340.41811579001194
3.9,340.897467535702
3.908333333333333,341.17562469116496
3.9166666666666665,341.55389199222026
3.925,342.29110937044805
3.933333333333333,342.8536483920377
3.9416666666666664,343.2456290584695
3.9499999999999997,343.9346026406132
3.9583333333333335,344.5262033663713
3.966666666666667,345.04604606216014
3.975,345.12686782564236
3.9833333333333334,345.6587809546516
3.9916666666666667,346.01628775109737
4.0,346.4540170390973
4.008333333333333,347.1689803276495
4.016666666666667,347.3528084753019
4.025,347.7330757041656
4.033333333333333,348.03008235682285
4.041666666666667,348.32388045460095
4.05,348.52038738875734
4.058333333333334,348.65477911167835
4.066666666666666,348.74265154913996
4.075,348.86217895222165
4.083333333333333,348.9295388760182
4.091666666666667,349.4868772684909
4.1,349.9203100090341
4.108333333333333,350.2355187260267
4.116666666666666,350.8573367886511
4.125,351.2226089589306
4.133333333333333,351.0461052371339
4.141666666666667,351.20358734333917
4.15,351.95480293541465
4.158333333333333,352.426032814088
4.166666666666667,352.7445522456265
4.175,352.70069449932583
4.183333333333334,353.83861189917474
4.191666666666666,354.79570560317717
4.2,354.8906376197103
4.208333333333333,354.8242171709934
4.216666666666667,355.9564816586486
4.225,356.1405191051639
4.233333333333333,356.7173409578633
4.241666666666666,357.0690617337759
4.25,357.45377877293356
4.258333333333333,358.1478131457364
4.266666666666667,358.7400376066403
4.275,360.0254061106053
4.283333333333333,360.0467885247938
4.291666666666667,361.15853907682146
4.3,362.34767550630846
4.308333333333334,362.6578935429946
4.316666666666666,363.3391375732372
4.325,364.7819691076089
4.333333333333333,365.3270251949
4.341666666666667,366.560490668235
4.35,366.83834749536794
4.358333333333333,368.2014689088764
4.366666666666666,368.8708411374442
4.375,369.178689786659
4.383333333333333,370.69641176075334
4.391666666666667,370.8612081910336
4.4,371.5424499392463
4.408333333333333,371.80208730522486
4.416666666666667,372.2579824168948
4.425,373.43655840492175
4.433333333333334,373.0812454727011
4.441666666666666,373.24222409800205
4.45,373.77415157195753
4.458333333333333,374.6712352186731
4.466666666666667,375.01260730456244
4.475,376.15046155008685
4.483333333333333,375.7891005999804
4.491666666666666,376.51965390628135
4.5,377.3043877477301
4.508333333333333,376.9685840988771
4.516666666666667,377.66369357713353
4.525,378.26410713937634
4.533333333333333,379.0202532355106
4.541666666666667,379.27064324881593
4.55,379.67650502524594
4.558333333333334,380.5326610234484
4.566666666666666,381.153730609179
4.575,382.17775928424356
4.583333333333333,382.1612560934042
4.591666666666667,383.4923570772736
4.6,383.1907854897595
4.608333333333333,382.97405871863157
4.616666666666666,383.4509490311116
4.625,383.57212282753477
4.633333333333333,383.7831522741809
4.641666666666667,385.0923423011152
4.65,385.08379860398367
4.658333333333333,385.1633859950817
4.666666666666667,385.2076025839791
4.675,386.0664723764118
4.683333333333334,386.32834819376944
4.691666666666666,386.97134210179354
4.7,387.2504147914129
4.708333333333333,387.5796877973356
4.716666666666667,388.23250934989863
4.725,388.7881331635488
4.733333333333333,388.5763138064279
4.741666666666666,389.2429633840979
4.75,388.88553952958426
4.758333333333333,389.6216459683192
4.766666666666667,389.915389285662
4.775,390.1903771058647
4.783333333333333,390.02814722197763
4.791666666666667,390.29220338067563
4.8,390.36353606817386
4.808333333333334,390.7964636711956
4.816666666666666,391.43849499868116
4.825,390.9896544773621
4.833333333333333,390.552451724005
4.841666666666667,390.2825074720692
4.85,390.39276235473625
4.858333333333333,390.97826043569887
4.866666666666666,390.61477085955875
4.875,390.47096781951626
4.883333333333333,390.70523874781514
4.891666666666667,390.65654327546486
4.9,391.31500441748636
4.908333333333333,391.3511262329978
4.916666666666667,391.9211635009052
4.925,391.7521071003914
4.933333333333334,391.7463668798907
4.941666666666666,391.13136456245843
4.95,390.89488704862737
4.958333333333333,390.72356591565335
4.966666666666667,390.809290659519
4.975,390.8425913847938
4.983333333333333,390.40727621944717
4.991666666666666,390.6264061639198
5.0,390.6214085104492
5.008333333333333,390.7491344911925
5.016666666666667,390.5988967399259
5.025,390.0336476091755
5.033333333333333,389.8098429745102
5.041666666666667,390.12146667763363
5.05,389.85856982684294
5.058333333333334,390.56022501882995
5.066666666666666,390.72563128117406
5.075,390.8886060701803
5.083333333333333,390.38846578261973
5.091666666666667,390.2472463782316
5.1,390.1766633227593
5.108333333333333,390.0929826162628
5.116666666666666,390.1917124244844
5.125,389.5343686452392
5.133333333333333,389.7585596425675
5.141666666666667,389.0203305502366
5.15,389.0680885969157
5.158333333333333,389.11035625756756
5.166666666666667,389.12971882030365
5.175,389.5393572830911
5.183333333333334,389.7628027252935
5.191666666666666,389.36798097216797
5.2,389.528170652534
5.208333333333333,389.6392456724629
5.216666666666667,389.4941800842731
5.225,389.9594129252554
5.233333333333333,390.2167064060713
5.241666666666666,390.1523518211012
5.25,389.82087089336545
5.258333333333333,389.96802532774234
5.266666666666667,390.0288216370394
5.275,390.3068038490742
5.283333333333333,389.9694174315361
5.291666666666667,389.9447856825455
5.3,389.85757998583586
5.308333333333334,389.8960936515898
5.316666666666666,389.7648973779812
5.325,389.7956403704374
5.333333333333333,389.74887096359873
5.341666666666667,389.6217534033621
5.35,390.2364041268913
5.358333333333333,389.9794904704757
5.366666666666666,389.9202011024787
5.375,389.9685968227191
5.383333333333333,389.7187374086653
5.391666666666667,389.9042497728653
5.4,389.9813880041484
5.408333333333333,390.2250064759386
5.416666666666667,389.532608555161
5.425,389.77284011830363
5.433333333333334,390.4610319947045
5.441666666666666,390.19689527292905
5.45,390.63893174193646
5.458333333333333,389.68473188602997
5.466666666666667,390.0562788740744
5.475,390.8251626995099
5.483333333333333,391.22004826731
5.491666666666666,390.6909606077323
5.5,391.7134138080394
5.508333333333333,391.3261302145813
5.516666666666667,391.06587569271096
5.525,391.441159006177
5.533333333333333,391.37696115098703
5.541666666666667,390.9279710519643
5.55,390.23365952254346
5.558333333333334,391.11276524256925
5.566666666666666,390.3829564188036
5.575,390.77300912562765
5.583333333333333,390.81285194309686
5.591666666666667,390.5275911252607
5.6,390.6332823758421
5.608333333333333,390.2868378106042
5.616666666666666,389.29883730570685
5.625,389.2260968950342
5.633333333333333,389.21211229371727
5.641666666666667,388.7997437739074
5.65,388.6195475662927
5.658333333333333,388.4662064951554
5.666666666666667,388.01894504918016
5.675,387.48221379117297
5.683333333333334,387.5619185395353
5.691666666666666,387.36277389931536
5.7,387.0940021296691
5.708333333333333,386.93359741709116
5.716666666666667,387.2496585911665
5.725,386.43129367489666
5.733333333333333,385.8568142307727
5.741666666666666,385.7300509195874
5.75,385.76310231951925
5.758333333333333,385.1412963965589
5.766666666666667,384.65468215339854
5.775,384.4486761477431
5.783333333333333,383.9227492228199
5.791666666666667,384.42603541921875
5.8,383.8764820476032
5.808333333333334,383.4504267616015
5.816666666666666,383.0292331975467
5.825,382.6013864714634
5.833333333333333,381.9401892196983
5.841666666666667,381.50047229837776
5.85,381.8028096574256
5.858333333333333,381.1988370285886
5.866666666666666,380.7739621706756
5.875,380.5264498164398
5.883333333333333,380.3601841805278
5.891666666666667,379.82544971509196
5.9,379.1523035909325
5.908333333333333,378.7600325134518
5.916666666666667,378.2823990626195
5.925,378.0704911416264
5.933333333333334,377.9767774015854
5.941666666666666,377.22899147733347
5.95,376.32508672193484
5.958333333333333,375.86998324937593
5.966666666666667,374.83772260782683
5.975,374.3803951911274
5.983333333333333,373.78581784019843
5.991666666666666,372.99807272375165
6.0,373.29270734270443
6.008333333333333,373.58803541858833
6.016666666666667,373.22378398736805
6.025,372.6342826446562
6.033333333333333,371.93012753643865
6.041666666666667,372.17580264442546
6.05,372.1260048467522
6.058333333333334,372.39885259876286
6.066666666666666,372.6167615511826
6.075,372.38514533561045
6.083333333333333,372.6654721279888
6.091666666666667,372.00619996301026
6.1,371.1093656541732
6.108333333333333,370.4943501797703
6.116666666666666,369.65030219955753
6.125,368.70590221599525
6.133333333333333,367.84835569141575
6.141666666666667,367.36341451196915
6.15,365.89937299481153
6.158333333333333,365.4390021794845
6.166666666666667,365.5358912319722
6.175,365.6455380125362
6.183333333333334,364.79257679552745
6.191666666666666,364.92253128900217
6.2,364.07285027601176
6.208333333333333,363.8035515036773
6.216666666666667,362.8550265858986
6.225,362.9685760222859
6.233333333333333,362.87428020491905
6.241666666666666,362.8851981602695
6.25,363.17562544562526
6.258333333333333,363.8715469615322
6.266666666666667,364.1597884615891
6.275,364.76832644154644
6.283333333333333,365.3486555029409
6.291666666666667,365.71504496780665
6.3,366.2687917039974
6.308333333333334,366.67778922583454
6.316666666666666,367.1905276486248
6.325,367.89417610631864
6.333333333333333,368.40173442488344
6.341666666666667,368.990360672149
6.35,369.10529772909126
6.358333333333333,369.2490124997899
6.366666666666666,369.53139616616085
6.375,369.8394049168915
6.383333333333333,370.19619262264735
6.391666666666667,370.2413778701006
6.4,370.6676195825668
6.408333333333333,371.05367227954747
6.416666666666667,371.4844445634181
6.425,371.6120823107229
6.433333333333334,371.77224021985694
6.441666666666666,371.81840441285925
6.45,372.4438612396296
6.458333333333333,372.44317009367523
6.466666666666667,372.64356931669903
6.475,372.83308466612345
6.483333333333333,372.86817014215006
6.491666666666666,372.6259115513814
6.5,373.15158297129557
6.508333333333333,372.78933335817766
6.516666666666667,373.01195501655224
6.5249999999999995,372.5356246739232
6.533333333333333,372.4752267979636
6.541666666666667,372.28562396672953
6.55,372.01523790944776
6.558333333333334,371.78825450055376
6.566666666666666,371.52244042628286
6.575,371.1250437376314
6.583333333333333,370.9025264289796
6.591666666666667,370.63498011262243
6.6,370.0960736314972
6.608333333333333,369.57282108889046
6.616666666666666,369.15771983249573
6.625,368.5226025499032
6.633333333333333,368.13019433490433
6.641666666666667,367.68951844297
6.6499999999999995,367.2561574178863
6.658333333333333,366.72508016261764
6.666666666666667,365.99119704239916
6.675,365.5191216506972
6.683333333333334,364.75937045454356
6.691666666666666,364.1429255111183
6.7,363.6578436338002
6.708333333333333,362.98968200170657
6.716666666666667,362.46290075530845
6.725,361.99238606582935
6.733333333333333,361.293969703129
6.741666666666666,360.74965040150573
6.75,359.93010632333727
6.758333333333333,359.1955334795515
6.766666666666667,358.31902765376634
6.7749999999999995,357.51291789200934
6.783333333333333,356.23539788438535
6.791666666666667,355.3774351688907
6.8,354.49496592129447
6.808333333333334,353.95863914839185
6.816666666666666,353.30102459654864
6.825,352.5745247366985
6.833333333333333,351.56046532358994
6.841666666666667,350.8581946397835
6.85,349.99284860580053
6.858333333333333,349.3607016108852
6.866666666666666,349.20841456465035
6.875,348.83231662653543
6.883333333333333,348.1020756241476
6.891666666666667,347.2897634089477
6.8999999999999995,346.4768660599531
6.908333333333333,345.4414176473195
6.916666666666667,344.2918398805352
6.925,343.25407743979275
6.933333333333334,342.4969734195481
6.941666666666666,341.5127890736397
6.95,340.8453329222706
6.958333333333333,339.8456690917822
6.966666666666667,338.93394298675526
6.975,337.94886831782367
6.983333333333333,337.3369438266789
6.991666666666666,336.20170493136277
7.0,335.5353537758471
7.008333333333333,334.4728600125941
7.016666666666667,333.53896018666256
7.0249999999999995,333.2620609063539
7.033333333333333,332.6618028772464
7.041666666666667,331.942005275154
7.05,331.3895691697708
7.058333333333334,330.90370406812923
7.066666666666666,330.48600843578475
7.075,329.71194089489256
7.083333333333333,328.93707112330566
7.091666666666667,328.42552488760475
7.1,327.6721625537375
7.108333333333333,327.52106751702956
7.116666666666666,327.0550683499532
7.125,326.54870014650396
7.133333333333333,326.1041046386743
7.141666666666667,325.98949560831073
7.1499999999999995,325.4803651352164
7.158333333333333,325.3514197636077
7.166666666666667,324.64067725205916
7.175,324.3474977888016
7.183333333333334,324.2488301152413
7.191666666666666,324.23998125779275
7.2,324.2324163474304
7.208333333333333,324.17764913791586
7.216666666666667,323.9140770743974
7.225,323.96978122239346
7.233333333333333,324.0390059002673
7.241666666666666,323.61613191721256
7.25,323.53967348344236
7.258333333333333,323.224241759598
7.266666666666667,323.03334044126535
7.2749999999999995,322.8462906391952
7.283333333333333,322.89089241054273
7.291666666666667,323.04400663533386
7.3,322.96446157245856
7.308333333333334,322.8318032665154
7.316666666666666,323.16988109860415
7.325,323.5517491384428
7.333333333333333,323.33828507070626
7.341666666666667,323.60017882483413
7.35,323.51293481244124
7.358333333333333,323.8045061492036
7.366666666666666,323.8148536351528
7.375,323.84078656361027
7.383333333333333,324.1416319486747
7.391666666666667,324.1527011746435
7.3999999999999995,324.80570010470444
7.408333333333333,325.18046730266866
7.416666666666667,326.0064361084797
7.425,326.3566143131768
7.433333333333334,327.03958516512273
7.441666666666666,327.6890246262245
7.45,327.9465550740998
7.458333333333333,329.09005545552463
7.466666666666667,329.2451036596444
7.475,330.3224621712748
7.483333333333333,330.9521142516454
7.491666666666666,331.618237564616
7.5,332.2631268896633
7.508333333333333,332.99615018931354
7.516666666666667,333.7346163126674
7.5249999999999995,334.47986334526774
7.533333333333333,335.57289573647273
7.541666666666667,336.8433372767695
7.55,337.9484616673349
7.558333333333334,338.4882579828446
7.566666666666666,339.0946419170727
7.575,339.6726690497702
7.583333333333333,340.5754136881238
7.591666666666667,341.2148427371977
7.6,341.29853069050165
7.608333333333333,342.25551028931807
7.616666666666666,342.9853915249691
7.625,343.9523131436136
7.633333333333333,344.5791349309622
7.641666666666667,345.44900395794014
7.6499999999999995,346.28263147487115
7.658333333333333,347.25580613187867
7.666666666666667,348.2096634277482
7.675,349.1297911449562
7.683333333333334,350.4239642981992
7.691666666666666,351.4540083838038
7.7,352.51240504813325
7.708333333333333,353.68984861259946
7.716666666666667,354.84064518327534
7.725,355.778163375153
7.733333333333333,357.45532236490754
7.741666666666666,357.83788869963365
7.75,359.2941354481305
7.758333333333333,359.71957119020834
7.766666666666667,360.7787230022707
7.7749999999999995,361.90858050840836
7.783333333333333,363.21579962463943
7.791666666666667,364.2458724419539
7.8,365.2409004798919
7.808333333333334,365.992370827783
7.816666666666666,367.14284393241945
7.825,367.9987839055726
7.833333333333333,369.0909932502568
7.841666666666667,370.05420932646166
7.85,371.8909500509648
7.858333333333333,373.4063578485496
7.866666666666666,375.15886529362365
7.875,376.46535236189226
7.883333333333333,377.61340041968367
7.891666666666667,378.99961801537614
7.8999999999999995,380.1818966611292
7.908333333333333,381.8699339440168
7.916666666666667,383.1580104103673
7.925,384.8168832789783
7.933333333333334,386.3024018557661
7.941666666666666,387.67134427948054
7.95,388.804581018142
7.958333333333333,390.2058643089783
7.966666666666667,391.6298017715517
7.975,392.71878865926374
7.983333333333333,394.36355463132224
7.991666666666666,395.7444650232282
8.0,397.19236015749647
8.008333333333333,398.2670837691037
8.016666666666666,399.7804194946473
8.025,400.9457982113774
8.033333333333333,402.15555299113254
8.041666666666666,402.98448580429744
8.05,404.49298350837495
8.058333333333334,405.9472485056063
8.066666666666666,407.30104227230834
8.075,408.5566767056894
8.083333333333334,410.50946774859483
8.091666666666667,411.9477791307664
8.1,413.52981367928913
8.108333333333333,415.3652453174013
8.116666666666667,417.1111661075267
8.125,418.60912339399783
8.133333333333333,420.11536950280214
8.141666666666666,421.83779473993485
8.15,423.6516122478376
8.158333333333333,425.2280085006144
8.166666666666666,427.22519371612026
8.175,428.99172790699276
8.183333333333334,430.4267870203293
8.191666666666666,431.95300746794686
8.2,433.49738804561565
8.208333333333334,435.39929237458796
8.216666666666667,436.4478111102102
8.225,437.7088846150432
8.233333333333333,439.0186881388194
8.241666666666667,440.14968865408093
8.25,441.42533552634296
8.258333333333333,443.0114152774519
8.266666666666666,444.81549862344264
8.275,446.34679595994186
8.283333333333333,448.4198743005572
8.291666666666666,450.1727605435629
8.3,451.58386406496254
8.308333333333334,452.5423314294357
8.316666666666666,454.1970414292319
8.325,455.9016724162859
8.333333333333334,457.5182216823588
8.341666666666667,459.2544794544256
8.35,461.1787123818336
8.358333333333333,462.3586862604804
8.366666666666667,464.08445170667375
8.375,465.5583186153471
8.383333333333333,467.1394578692789
8.391666666666666,468.62623012071367
8.4,470.0385046458708
8.408333333333333,471.26863261016337
8.416666666666666,472.7345715721936
8.425,474.34807051512763
8.433333333333334,475.81537873836606
8.441666666666666,476.9411898821816
8.45,478.23831515195945
8.458333333333334,479.99702775003783
8.466666666666667,481.1612884046222
8.475,482.5806095198628
8.483333333333333,483.547406645677
8.491666666666667,484.1650550957666
8.5,484.94398314159264
8.508333333333333,486.34250136575116
8.516666666666666,487.43550794013646
8.525,488.8377525881617
8.533333333333333,490.0725798319689
8.541666666666666,491.63684926123057
8.55,492.9393159473238
8.558333333333334,494.24652709934765
8.566666666666666,495.9735093492589
8.575,497.28516988333155
8.583333333333334,498.1974806858269
8.591666666666667,499.38036797166615
8.6,500.0765618223744
8.608333333333333,501.1555598037081
8.616666666666667,502.2211521495955
8.625,503.2370129403259
8.633333333333333,504.2966445175958
8.641666666666666,505.7938033516766
8.65,506.84239769853383
8.658333333333333,508.62151582525195
8.666666666666666,510.0454766530404
8.675,511.8623462166444
8.683333333333334,513.2648824899243
8.691666666666666,515.3149626831968
8.7,516.5223771877819
8.708333333333334,518.120027920056
8.716666666666667,518.6057834643066
8.725,520.3084608420102
8.733333333333333,520.8824614615311
8.741666666666667,523.0846174824209
8.75,524.0808092666945
8.758333333333333,525.6870568320575
8.766666666666666,527.6911475150773
8.775,529.6000659652852
8.783333333333333,530.8286727907561
8.791666666666666,532.4547508374325
8.8,534.014689002426
8.808333333333334,536.0684195183305
8.816666666666666,537.0197497636927
8.825,538.5824689191516
8.833333333333334,539.6777438047695
8.841666666666667,540.6572262944601
8.85,541.6510170706734
8.858333333333333,542.1677020176854
8.866666666666667,543.9888464934996
8.875,544.3720649920151
8.883333333333333,546.3562014928306
8.891666666666666,548.2947629947857
8.9,549.423612472328
8.908333333333333,549.9319788410687
8.916666666666666,550.5580564983075
8.925,551.6013419577571
8.933333333333334,552.9341780394407
8.941666666666666,553.9478758390328
8.95,555.1798400685975
8.958333333333334,554.6763417892203
8.966666666666667,555.0240364070477
8.975,556.0010292121443
8.983333333333333,557.1302143120912
8.991666666666667,558.2315312244557
9.0,559.9880768745548
9.008333333333333,560.1605208339265
9.016666666666666,561.0246278547056
9.025,561.887971333969
9.033333333333333,562.878459515958
9.041666666666666,563.819815167999
9.05,564.4328384558683
9.058333333333334,564.6888253536226
9.066666666666666,564.9880022534684
9.075,566.2794730528902
9.083333333333334,566.4165238555174
9.091666666666667,565.2939017250579
9.1,564.7150606456818
9.108333333333333,563.2356236366694
9.116666666666667,563.0824779391189
9.125,561.7976535935485
9.133333333333333,562.2899058250713
9.141666666666666,562.278418335125
9.15,561.3012660121337
9.158333333333333,560.8082449012281
9.166666666666666,559.9001170373604
9.175,560.419359048297
9.183333333333334,560.8567246880395
9.191666666666666,561.6458334336892
9.2,562.4726425482389
9.208333333333334,561.8174017789947
9.216666666666667,562.1666135853571
9.225,561.8165567835586
9.233333333333333,563.3300060016547
9.241666666666667,564.3775728968637
9.25,565.4090622250293
9.258333333333333,567.4318900095412
9.266666666666666,568.5755989002806
9.275,569.2171880128458
9.283333333333333,570.87460589548
9.291666666666666,572.5730568304562
9.3,574.2159184151853
9.308333333333334,575.5449675417768
9.316666666666666,577.5634833748358
9.325,580.2266130387593
9.333333333333334,582.3384099381641
9.341666666666667,584.7969265317206
9.35,586.8344176926535
9.358333333333333,590.0990711853387
9.366666666666667,592.3174555971074
9.375,594.5123090235217
9.383333333333333,596.2992884427856
9.391666666666666,599.2007636863214
9.4,601.163439132213
9.408333333333333,604.5213558378475
9.416666666666666,607.438434611167
9.425,609.921034412161
9.433333333333334,611.8552302609932
9.441666666666666,615.8073992658045
9.45,617.5679641235594
9.458333333333334,621.4446500348602
9.466666666666667,624.8889995028809
9.475,629.0821263760197
9.483333333333333,632.0268541995385
9.491666666666667,636.293451722621
9.5,638.782900818884
9.508333333333333,643.8698704271849
9.516666666666666,648.5676042140542
9.525,654.1823763036531
9.533333333333333,659.5465489306252
9.541666666666666,665.512977300424
9.55,671.3883583127658
9.558333333333334,677.4898531918328
9.566666666666666,684.4857577982252
9.575,691.6052530615531
9.583333333333334,699.11343000365
9.591666666666667,706.9856110480979
9.6,717.0489879312843
9.608333333333333,726.4714763530272
9.616666666666667,736.447216416989
9.625,746.8812785760372
9.633333333333333,757.843808818452
9.641666666666666,768.0195680217383
9.65,778.9614787589314
9.658333333333333,790.9913321731437
9.666666666666666,801.7892451763905
9.675,811.0644661630837
9.683333333333334,820.9043891264481
9.691666666666666,832.7931467668079
9.7,843.9059908041327
9.708333333333334,854.6633807131647
9.716666666666667,866.3075325615193
9.725,876.7417129286009
9.733333333333333,879.7100327689931
9.741666666666667,897.2167722545225
9.75,908.9131297215602
9.758333333333333,922.2933304447754
9.766666666666666,935.8174979732579
9.775,948.5641454718149
9.783333333333333,955.047299580615
9.791666666666666,960.8612424770927
9.8,981.9827136685117
9.808333333333334,997.6011213225287
9.816666666666666,1013.3188282951247
9.825,1026.5189586446418
9.833333333333334,1042.20702774944
9.841666666666667,1048.9057109210355
9.85,1062.9079706594523
9.858333333333333,1078.4122152488828
9.866666666666667,1094.2545897322789
9.875,1099.03321163057
9.883333333333333,1129.8028488106906
9.891666666666666,1138.2677476722465
9.9,1155.6700830074349
9.908333333333333,1174.5899519013985
9.916666666666666,1195.871882141036
9.925,1201.245329452446
9.933333333333334,1217.2152595949146
9.941666666666666,1222.3128826297557
9.95,1224.6848699755462
9.958333333333334,1223.0327956584404
9.966666666666667,1228.5325774101552
9.975,1226.8868336855496
9.983333333333333,1228.5284313364662
9.991666666666667,1230.3598693548154
10.0,1233.2289352728467
10.008333333333333,1231.1476881938793
10.016666666666666,1231.642274034989
10.025,1228.3941000236923
10.033333333333333,1224.784115919544
10.041666666666666,1220.9753121398635
10.05,1216.5715528339738
10.058333333333334,1216.0696592034785
10.066666666666666,1216.864024803833
10.075,1211.8233863212388
10.083333333333334,1207.8819348350057
10.091666666666667,1211.5777687875384
10.1,1211.0356212572374
10.108333333333333,1206.5472849888567
10.116666666666667,1203.0731326331581
10.125,1209.9478753172175
10.133333333333333,1209.6372618643525
10.141666666666666,1208.6469168220135
10.15,1208.427207458766
10.158333333333333,1209.8170538110073
10.166666666666666,1209.5560011727282
10.175,1214.9650953800588
10.183333333333334,1210.9029297239017
10.191666666666666,1217.4247862421578
10.2,1228.2913985201742
10.208333333333334,1225.5786996079037
10.216666666666667,1228.3755218933154
10.225,1229.072026145356
10.233333333333333,1217.0320617393468
10.241666666666667,1222.6887405478087
10.25,1214.8270300193572
10.258333333333333,1221.1981458509451
10.266666666666666,1233.1748683653714
10.275,1219.5047612645692
10.283333333333333,1217.6854478283337
10.291666666666666,1222.0459988640341
10.3,1234.355170474139
10.308333333333334,1231.1483656912035
10.316666666666666,1224.0760226097361
10.325,1234.9335398849162
10.333333333333334,1231.3810304959554
10.341666666666667,1226.2842714667333
10.35,1223.1429345937042
10.358333333333333,1232.1850840252823
10.366666666666667,1210.6677865664335
10.375,1240.8175012467466
10.383333333333333,1247.1746288512895
10.391666666666666,1228.144566089499
10.4,1268.3133897831694
10.408333333333333,1249.5202351190665
10.416666666666666,1244.5306559139692
10.425,1212.1140234873278
10.433333333333334,1185.7950775274592
10.441666666666666,1220.620687352955
10.45,1209.692447854313
10.458333333333334,1135.7629922144913
10.466666666666667,1315.8530455832079
10.475,1291.4065820212438
10.483333333333333,1193.591243646187
10.491666666666667,1323.498025551557
10.5,1272.5355930112344
10.516666666666666,1194.5674800201368
10.525,1210.3634192725558
