lag_frame[sec],MSD_[px^2]
0.008333333333333333,0.6941375261722875
0.016666666666666666,0.913095618235291
0.025,1.08478932489081
0.03333333333333333,1.230376909865642
0.041666666666666664,1.3572597849198607
0.05,1.4635467302064284
0.058333333333333334,1.5623183633388595
0.06666666666666667,1.6444856136249222
0.075,1.7185008758092049
0.08333333333333333,1.7760812719954249
0.09166666666666666,1.8226706233967966
0.1,1.8587901920936607
0.10833333333333334,1.8850253071678689
0.11666666666666667,1.9144036361133059
0.125,1.936615877656328
0.13333333333333333,1.9600679135224817
0.14166666666666666,1.988046252524781
0.15,2.0153321643030213
0.15833333333333333,2.0520086381573526
0.16666666666666666,2.089325084989557
0.175,2.138448430920626
0.18333333333333332,2.1864955961779864
0.19166666666666665,2.236347181439555
0.2,2.2785666260738457
0.20833333333333334,2.3196539817108035
0.21666666666666667,2.3616446831472637
0.225,2.3930460293642177
0.23333333333333334,2.4205827403321094
0.24166666666666667,2.4383709108157827
0.25,2.4549187071567595
0.2583333333333333,2.458941547274272
0.26666666666666666,2.458635909879035
0.275,2.4591868583088847
0.2833333333333333,2.4609442860811623
0.2916666666666667,2.4659065224280985
0.3,2.4778050610410354
0.30833333333333335,2.492840643561134
0.31666666666666665,2.5125621212554305
0.325,2.5434955417176686
0.3333333333333333,2.575171434713779
0.3416666666666667,2.61040418149489
0.35,2.646819179151602
0.35833333333333334,2.6803966935136936
0.36666666666666664,2.7147979984734727
0.375,2.7449123573675425
0.3833333333333333,2.756344184194391
0.39166666666666666,2.766261059861339
0.4,2.769996145217381
0.4083333333333333,2.766997658964323
0.4166666666666667,2.768663962426103
0.425,2.755078044967061
0.43333333333333335,2.7481590970276693
0.44166666666666665,2.7422506376159825
0.45,2.743720828787721
0.4583333333333333,2.7502239201684375
0.4666666666666667,2.7646870558469816
0.475,2.784513371764857
0.48333333333333334,2.810719274095057
0.49166666666666664,2.838910334414513
0.5,2.866649165067347
0.5083333333333333,2.8963328136376436
0.5166666666666666,2.922165224745044
0.525,2.9472913367011206
0.5333333333333333,2.9635787960193887
0.5416666666666666,2.9684514450216555
0.55,2.970076348586257
0.5583333333333333,2.9654434306216904
0.5666666666666667,2.960936414633044
0.575,2.952385710987921
0.5833333333333334,2.9391488719404704
0.5916666666666667,2.9268238930031427
0.6,2.92699523544998
0.6083333333333333,2.926692163692507
0.6166666666666667,2.9348095012058257
0.625,2.953480024727542
0.6333333333333333,2.97285306493994
0.6416666666666666,3.0031090562556693
0.65,3.033143834951869
0.6583333333333333,3.061766810942936
0.6666666666666666,3.0866135725274546
0.675,3.1073774636580764
0.6833333333333333,3.1209787700787723
0.6916666666666667,3.128886612061516
0.7,3.132881578517311
0.7083333333333334,3.126220818476835
0.7166666666666667,3.119960237063607
0.725,3.109959654851403
0.7333333333333333,3.096038031299839
0.7416666666666667,3.0824245307202998
0.75,3.0734135004576704
0.7583333333333333,3.07332051705813
0.7666666666666666,3.0797863870355306
0.775,3.0945148952982553
0.7833333333333333,3.1115617593333087
0.7916666666666666,3.1346772841724166
0.8,3.1637814056616
0.8083333333333333,3.191480948160156
0.8166666666666667,3.214500116403747
0.825,3.237358675102359
0.8333333333333334,3.2567136639951317
0.8416666666666667,3.268730269822384
0.85,3.2745697798248212
0.8583333333333333,3.27241567868941
0.8666666666666667,3.270532233650174
0.875,3.262982780787545
0.8833333333333333,3.252853179434006
0.8916666666666666,3.2394616622298864
0.9,3.2323935938209982
0.9083333333333333,3.2306130127817916
0.9166666666666666,3.2279158973771596
0.9249999999999999,3.2354455777641182
0.9333333333333333,3.249840657922047
0.9416666666666667,3.2704990599872406
0.95,3.2907947123898915
0.9583333333333334,3.314200517539201
0.9666666666666667,3.338874098061969
0.975,3.363799384157111
0.9833333333333333,3.3786645104784165
0.9916666666666667,3.389601238718979
1.0,3.3964330258028776
1.0083333333333333,3.3945478489265692
1.0166666666666666,3.3884439762021334
1.025,3.379106435256685
1.0333333333333332,3.3662670425054144
1.0416666666666667,3.3529413365119702
1.05,3.3458401762462096
1.0583333333333333,3.3417592397621636
1.0666666666666667,3.3402136449727107
1.075,3.345413086128401
1.0833333333333333,3.3558893475854044
1.0916666666666666,3.3730873073099508
1.1,3.3911503819338606
1.1083333333333334,3.4162346867286395
1.1166666666666667,3.4452273816578254
1.125,3.466876824244269
1.1333333333333333,3.4869792157248516
1.1416666666666666,3.502835228311318
1.15,3.510165706712934
1.1583333333333332,3.510944535125864
1.1666666666666667,3.5105664370630665
1.175,3.498469900267481
1.1833333333333333,3.488701557468844
1.1916666666666667,3.4747226492931915
1.2,3.460033160564265
1.2083333333333333,3.453132460496857
1.2166666666666666,3.4509040591934013
1.225,3.4546948891107307
1.2333333333333334,3.4633499853647067
1.2416666666666667,3.4759273149210643
1.25,3.5011120334671824
1.2583333333333333,3.5219679955838457
1.2666666666666666,3.545863626037823
1.275,3.5671856800908857
1.2833333333333332,3.5867475991470674
1.2916666666666667,3.6014915279347393
1.3,3.610276578250619
1.3083333333333333,3.612151145799062
1.3166666666666667,3.6085622076762616
1.325,3.598409410204401
1.3333333333333333,3.584696941045393
1.3416666666666666,3.5750101480768466
1.35,3.5572374229488704
1.3583333333333334,3.543896999930767
1.3666666666666667,3.5388031742169463
1.375,3.5424101954808545
1.3833333333333333,3.5501213922471884
1.3916666666666666,3.5614002323167027
1.4,3.5825679410631666
1.4083333333333332,3.602247922142729
1.4166666666666667,3.628345246821525
1.425,3.6550035461889316
1.4333333333333333,3.6737780247714484
1.4416666666666667,3.6855892990184937
1.45,3.70217026513924
1.4583333333333333,3.7068178697197003
1.4666666666666666,3.705322539565788
1.475,3.699975737827133
1.4833333333333334,3.689393772192681
1.4916666666666667,3.6761012603372123
1.5,3.6580719839946276
1.5083333333333333,3.647742111695483
1.5166666666666666,3.632801353976364
1.525,3.6305584486276956
1.5333333333333332,3.634951903288592
1.5416666666666667,3.6370858275122995
1.55,3.65137394846129
1.5583333333333333,3.6722297681104648
1.5666666666666667,3.694820675817549
1.575,3.720346563616192
1.5833333333333333,3.739779503279528
1.5916666666666666,3.754414856909312
1.6,3.7668813463536814
1.6083333333333334,3.7760324807647567
1.6166666666666667,3.7750853721836637
1.625,3.770608785791239
1.6333333333333333,3.759422795433832
1.6416666666666666,3.747653734011242
1.65,3.730723955524149
1.6583333333333332,3.7172611066583023
1.6666666666666667,3.7092732769572296
1.675,3.7011765620151484
1.6833333333333333,3.7022822522427328
1.6916666666666667,3.709019409886948
1.7,3.724989652335394
1.7083333333333333,3.7443554605743166
1.7166666666666666,3.760821912511317
1.7249999999999999,3.7865477019629328
1.7333333333333334,3.80964836210868
1.7416666666666667,3.825948899660458
1.75,3.842125848211211
1.7583333333333333,3.8488226096157323
1.7666666666666666,3.852289994866739
1.775,3.848759134847051
1.7833333333333332,3.8360671975009777
1.7916666666666667,3.825715794537263
1.8,3.8111280594296844
1.8083333333333333,3.7976628557037015
1.8166666666666667,3.7839375130433317
1.825,3.7770756430503463
1.8333333333333333,3.7726904607751965
1.8416666666666666,3.7732116434613694
1.8499999999999999,3.780501817818679
1.8583333333333334,3.795219292851849
1.8666666666666667,3.816142045103612
1.875,3.8406466371473496
1.8833333333333333,3.86258017308184
1.8916666666666666,3.880763017163325
1.9,3.8971885949520306
1.9083333333333332,3.9062909717549608
1.9166666666666667,3.9107265724459968
1.925,3.9102350644386537
1.9333333333333333,3.8996108453559297
1.9416666666666667,3.886845884950464
1.95,3.8746340027556174
1.9583333333333333,3.8560145961592265
1.9666666666666666,3.8475752249013655
1.9749999999999999,3.8379190428934633
1.9833333333333334,3.8302152247517403
1.9916666666666667,3.835918480924955
2.0,3.845119751481407
2.0083333333333333,3.8563559731281027
2.0166666666666666,3.871304590129671
2.025,3.8982741609980582
2.033333333333333,3.918376811996945
2.0416666666666665,3.941369289806246
2.05,3.9599339666873767
2.058333333333333,3.9740192906967944
2.0666666666666664,3.979219257768011
2.075,3.9810458272928844
2.0833333333333335,3.9734128006808227
2.091666666666667,3.96634577128293
2.1,3.9528532257241915
2.1083333333333334,3.9404417756095738
2.1166666666666667,3.92162828340513
2.125,3.911171859671852
2.1333333333333333,3.902633192950924
2.1416666666666666,3.9004313782741127
2.15,3.9096929718079347
2.158333333333333,3.920414263790639
2.1666666666666665,3.9404216611741147
2.175,3.9613384905983606
2.183333333333333,3.9826863617156336
2.1916666666666664,4.005607972095022
2.2,4.0219345141157845
2.2083333333333335,4.038217090176725
2.216666666666667,4.047030087288004
2.225,4.051537325910203
2.2333333333333334,4.051594444654667
2.2416666666666667,4.0447852106154265
2.25,4.031326792498603
2.2583333333333333,4.01260394325599
2.2666666666666666,3.9980739386432513
2.275,3.9841400663032713
2.283333333333333,3.974095302611084
2.2916666666666665,3.9698607101249603
2.3,3.9745676807674593
2.308333333333333,3.981567067719415
2.3166666666666664,3.997041769236479
2.325,4.013686968869578
2.3333333333333335,4.032882446217497
2.341666666666667,4.055227922869047
2.35,4.074828418512217
2.3583333333333334,4.089968520484787
2.3666666666666667,4.098269665521958
2.375,4.105205791846004
2.3833333333333333,4.100331742628152
2.3916666666666666,4.092400193386624
2.4,4.077996300165217
2.408333333333333,4.060960086368841
2.4166666666666665,4.044002361815674
2.425,4.033836358555238
2.433333333333333,4.0222153279525115
2.4416666666666664,4.018003190407866
2.45,4.018309403930154
2.4583333333333335,4.025623858890636
2.466666666666667,4.038297345401107
2.475,4.0544279371686605
2.4833333333333334,4.075159346959576
2.4916666666666667,4.095035263374957
2.5,4.113371425370838
2.5083333333333333,4.131436704836776
2.5166666666666666,4.141766023350558
2.525,4.150806703557859
2.533333333333333,4.151014648089526
2.5416666666666665,4.144533479561039
2.55,4.132267740957443
2.558333333333333,4.1152569810670965
2.5666666666666664,4.097376239445815
2.575,4.083491246683159
2.5833333333333335,4.067666564483712
2.591666666666667,4.060163774731356
2.6,4.05919671270988
2.6083333333333334,4.064335758226577
2.6166666666666667,4.075963408078238
2.625,4.091094127462368
2.6333333333333333,4.109279790297652
2.6416666666666666,4.131363006060667
2.65,4.151007245745026
2.658333333333333,4.171462630588685
2.6666666666666665,4.1875986357746005
2.675,4.1947688329641775
2.683333333333333,4.198079796345213
2.6916666666666664,4.195208790828368
2.7,4.186499224761983
2.7083333333333335,4.174047257552482
2.716666666666667,4.158384039172381
2.725,4.142565199354422
2.7333333333333334,4.1282220559453435
2.7416666666666667,4.118408669737088
2.75,4.112845805131557
2.7583333333333333,4.114377203786236
2.7666666666666666,4.1239613681659595
2.775,4.134589175344268
2.783333333333333,4.151121316814872
2.7916666666666665,4.168937478276786
2.8,4.19175386328041
2.808333333333333,4.205870079153632
2.8166666666666664,4.223644132956421
2.825,4.234798371801839
2.8333333333333335,4.240313124485648
2.841666666666667,4.237528812896656
2.85,4.229250246394131
2.8583333333333334,4.214492760156296
2.8666666666666667,4.197921358168074
2.875,4.1827055288521215
2.8833333333333333,4.170012022892267
2.8916666666666666,4.154718031568678
2.9,4.149606353774551
2.908333333333333,4.146044932321535
2.9166666666666665,4.151615495750865
2.925,4.160407121127359
2.933333333333333,4.175954487534327
2.9416666666666664,4.194565226036983
2.95,4.215077056664148
2.9583333333333335,4.236638997791632
2.966666666666667,4.2567881536851395
2.975,4.268025347658513
2.9833333333333334,4.275560353378834
2.9916666666666667,4.275323270917232
3.0,4.270629617189701
3.0083333333333333,4.255157420584386
3.0166666666666666,4.236016360837306
3.025,4.2176036917498525
3.033333333333333,4.198958493622477
3.0416666666666665,4.18732348047763
3.05,4.1792869294161035
3.058333333333333,4.173640728566094
3.0666666666666664,4.177264168662676
3.075,4.18632128517896
3.0833333333333335,4.1986736743560185
3.091666666666667,4.21827939397234
3.1,4.239856674484913
3.1083333333333334,4.258972331679281
3.1166666666666667,4.280824616368621
3.125,4.296881834821605
3.1333333333333333,4.30535147225182
3.1416666666666666,4.309553158398392
3.15,4.30458440041754
3.158333333333333,4.298031894960058
3.1666666666666665,4.285950799047522
3.175,4.269563380763689
3.183333333333333,4.253635742956133
3.1916666666666664,4.240696277874356
3.2,4.2280980550589105
3.2083333333333335,4.223801945507871
3.216666666666667,4.224018893266807
3.225,4.234090132742741
3.2333333333333334,4.244395852159272
3.2416666666666667,4.264574225614299
3.25,4.286593187266306
3.2583333333333333,4.307588192890734
3.2666666666666666,4.327192094818889
3.275,4.345661275340357
3.283333333333333,4.358383729428719
3.2916666666666665,4.360551253252115
3.3,4.362445514601135
3.308333333333333,4.354595399549066
3.3166666666666664,4.342768302084801
3.3249999999999997,4.329232177121675
3.3333333333333335,4.31197156594448
3.341666666666667,4.297918259218049
3.35,4.28751561816581
3.3583333333333334,4.282705926347288
3.3666666666666667,4.280782037875834
3.375,4.284417819080499
3.3833333333333333,4.292622060328489
3.3916666666666666,4.31164234714025
3.4,4.329086922700979
3.408333333333333,4.351367585078202
3.4166666666666665,4.36820350724062
3.425,4.38701362819853
3.433333333333333,4.400681700087761
3.4416666666666664,4.40917440317318
3.4499999999999997,4.414834176690566
3.4583333333333335,4.411038851343563
3.466666666666667,4.399687111260062
3.475,4.379844241974412
3.4833333333333334,4.365324885645224
3.4916666666666667,4.349795709903141
3.5,4.335813645244726
3.5083333333333333,4.329268913519216
3.5166666666666666,4.32786634497595
3.525,4.3275273532514875
3.533333333333333,4.331312414297561
3.5416666666666665,4.344782947950629
3.55,4.3612612294583295
3.558333333333333,4.379326860147936
3.5666666666666664,4.402137101884999
3.5749999999999997,4.420862512252127
3.5833333333333335,4.438078851854005
3.591666666666667,4.4486619373957605
3.6,4.448528531530944
3.6083333333333334,4.449121237691974
3.6166666666666667,4.443877164129817
3.625,4.430732579574711
3.6333333333333333,4.4163648208311574
3.6416666666666666,4.399991733698327
3.65,4.382633787833554
3.658333333333333,4.375572494989149
3.6666666666666665,4.371319356716157
3.675,4.369417508667857
3.683333333333333,4.375302828311419
3.6916666666666664,4.388813176308931
3.6999999999999997,4.404631503125031
3.7083333333333335,4.425805700619919
3.716666666666667,4.446128123004613
3.725,4.46645877632317
3.7333333333333334,4.484848227721228
3.7416666666666667,4.498049530572685
3.75,4.506662514080519
3.7583333333333333,4.506983706014331
3.7666666666666666,4.498147070565897
3.775,4.489435984291798
3.783333333333333,4.474995643394824
3.7916666666666665,4.4580443136657335
3.8,4.449197013907363
3.808333333333333,4.434158683889358
3.8166666666666664,4.430312090344727
3.8249999999999997,4.425861051018895
3.8333333333333335,4.427176306450147
3.841666666666667,4.442384196169032
3.85,4.457529343116798
3.8583333333333334,4.474519283370994
3.8666666666666667,4.493752651707091
3.875,4.5148058190925955
3.8833333333333333,4.53121643364072
3.8916666666666666,4.549493689362343
3.9,4.5583210887872605
3.908333333333333,4.555800341967434
3.9166666666666665,4.553574461907734
3.925,4.545097972439111
3.933333333333333,4.534606821889816
3.9416666666666664,4.5174249871235945
3.9499999999999997,4.502617193544432
3.9583333333333335,4.48875805465174
3.966666666666667,4.476364670736717
3.975,4.470610810973427
3.9833333333333334,4.471537491468999
3.9916666666666667,4.4819417259720336
4.0,4.494151047952017
4.008333333333333,4.513952816217031
4.016666666666667,4.535155613866803
4.025,4.557649083087679
4.033333333333333,4.575857274945819
4.041666666666667,4.591353363967483
4.05,4.602460866921372
4.058333333333334,4.606727938588521
4.066666666666666,4.602818403922514
4.075,4.598756736322997
4.083333333333333,4.586017395130392
4.091666666666667,4.571048566605095
4.1,4.557864326920517
4.108333333333333,4.5456897590794805
4.116666666666666,4.535171313834693
4.125,4.529203410445812
4.133333333333333,4.526347116801735
4.141666666666667,4.5317368446069946
4.15,4.541743010795943
4.158333333333333,4.558522947531554
4.166666666666667,4.580317755186598
4.175,4.598213775952295
4.183333333333334,4.617247267905202
4.191666666666666,4.6342231158446605
4.2,4.647165042365726
4.208333333333333,4.654861577232068
4.216666666666667,4.659202425318222
4.225,4.654708792108457
4.233333333333333,4.6421451477628475
4.241666666666666,4.628502632939921
4.25,4.612319078045629
4.258333333333333,4.596054768506844
4.266666666666667,4.58600560097475
4.275,4.573326718509499
4.283333333333333,4.570241616480541
4.291666666666667,4.5703864497821804
4.3,4.577640896099882
4.308333333333334,4.591731769792414
4.316666666666666,4.609354981430044
4.325,4.634008760762127
4.333333333333333,4.654738526422826
4.341666666666667,4.673585187928595
4.35,4.689826670324748
4.358333333333333,4.702591842332777
4.366666666666666,4.70278665151325
4.375,4.698519499932679
4.383333333333333,4.685116526706718
4.391666666666667,4.673652082564394
4.4,4.656543617452111
4.408333333333333,4.643042570899419
4.416666666666667,4.629213075112794
4.425,4.61843323792291
4.433333333333334,4.610878970271266
4.441666666666666,4.613698774440196
4.45,4.623189724487091
4.458333333333333,4.638348300602138
4.466666666666667,4.6610096210708
4.475,4.684684436880514
4.483333333333333,4.705048890521652
4.491666666666666,4.726795205689707
4.5,4.741264099401979
4.508333333333333,4.750292325800734
4.516666666666667,4.75867227363331
4.525,4.7543753764984835
4.533333333333333,4.745906326900033
4.541666666666667,4.7355157274911095
4.55,4.721482326821345
4.558333333333334,4.707670508354724
4.566666666666666,4.6971726017088455
4.575,4.686971041106718
4.583333333333333,4.679758755677565
4.591666666666667,4.679279098982088
4.6,4.684318505612892
4.608333333333333,4.693280149586737
4.616666666666666,4.710973923091785
4.625,4.729182587583569
4.633333333333333,4.7499573881661945
4.641666666666667,4.767503047230732
4.65,4.786133489161674
4.658333333333333,4.799552282676663
4.666666666666667,4.810734208017002
4.675,4.81134952498869
4.683333333333334,4.807172309276039
4.691666666666666,4.794984254789404
4.7,4.781153870229929
4.708333333333333,4.764378364132292
4.716666666666667,4.7510389870028735
4.725,4.737806193129422
4.733333333333333,4.7279350335864505
4.741666666666666,4.725184318446535
4.75,4.729231802674857
4.758333333333333,4.739940901639643
4.766666666666667,4.7547316599033
4.775,4.770702284901153
4.783333333333333,4.794729580026307
4.791666666666667,4.816240423505127
4.8,4.83666381941997
4.808333333333334,4.851788740159178
4.816666666666666,4.862400700056321
4.825,4.870175814831256
4.833333333333333,4.866959196960644
4.841666666666667,4.862176589543751
4.85,4.853352241278829
4.858333333333333,4.837765967082783
4.866666666666666,4.8271922305427815
4.875,4.811846228539308
4.883333333333333,4.801304014710088
4.891666666666667,4.796383058601403
4.9,4.8019423220889434
4.908333333333333,4.814646531860426
4.916666666666667,4.825826064273847
4.925,4.843692089534956
4.933333333333334,4.864235320013574
4.941666666666666,4.885551526636122
4.95,4.909727651758153
4.958333333333333,4.926586649527211
4.966666666666667,4.938547679732144
4.975,4.947418610610329
4.983333333333333,4.950969527939544
4.991666666666666,4.939140208512075
5.0,4.926607596778143
5.008333333333333,4.912064274803941
5.016666666666667,4.900355229238257
5.025,4.884532237325288
5.033333333333333,4.872073459025941
5.041666666666667,4.8657687996055765
5.05,4.861879692212893
5.058333333333334,4.866261370506752
5.066666666666666,4.880802021331726
5.075,4.897795825378051
5.083333333333333,4.917800060943291
5.091666666666667,4.94015435765259
5.1,4.962398144589516
5.108333333333333,4.97969189316746
5.116666666666666,4.991908928064965
5.125,4.998662348944984
5.133333333333333,5.00272664625866
5.141666666666667,4.999880239705705
5.15,4.985827965687109
5.158333333333333,4.973794315694882
5.166666666666667,4.960348536333567
5.175,4.94304454319139
5.183333333333334,4.932197782625864
5.191666666666666,4.922220057980576
5.2,4.916816361387822
5.208333333333333,4.919607916054841
5.216666666666667,4.925907883195961
5.225,4.935052758773281
5.233333333333333,4.950464372441061
5.241666666666666,4.973960752084006
5.25,4.995237882207228
5.258333333333333,5.016031122940337
5.266666666666667,5.032337861163897
5.275,5.044970974922033
5.283333333333333,5.051410177697578
5.291666666666667,5.047412458597478
5.3,5.041507596105045
5.308333333333334,5.027937277182406
5.316666666666666,5.014612254854212
5.325,4.997207403431564
5.333333333333333,4.9815935737376735
5.341666666666667,4.965649136648315
5.35,4.958443160389714
5.358333333333333,4.959609002975204
5.366666666666666,4.964598400895119
5.375,4.974325945391223
5.383333333333333,4.990296561994771
5.391666666666667,5.011377240954776
5.4,5.032755880413837
5.408333333333333,5.054832328048046
5.416666666666667,5.069707971431354
5.425,5.084094006543561
5.433333333333334,5.091674615278031
5.441666666666666,5.091781001023148
5.45,5.086154763291835
5.458333333333333,5.075672412573326
5.466666666666667,5.059374470626479
5.475,5.045294979103963
5.483333333333333,5.029759742172409
5.491666666666666,5.017196084936693
5.5,5.0091168673587685
5.508333333333333,5.00484552753435
5.516666666666667,5.0057284397845345
5.525,5.015363628038693
5.533333333333333,5.027361016247711
5.541666666666667,5.0458669289168006
5.55,5.065449161179066
5.558333333333334,5.0822451073949155
5.566666666666666,5.09729225838084
5.575,5.111777643926889
5.583333333333333,5.121581554774455
5.591666666666667,5.121215762588156
5.6,5.117379117890285
5.608333333333333,5.106790337654899
5.616666666666666,5.094509760216323
5.625,5.077702477052919
5.633333333333333,5.060313054534057
5.641666666666667,5.045887164066141
5.65,5.034380827820953
5.658333333333333,5.029568278797892
5.666666666666667,5.026359896030528
5.675,5.030811798504804
5.683333333333334,5.042704260637136
5.691666666666666,5.058754244340932
5.7,5.0798040085338965
5.708333333333333,5.099563040616777
5.716666666666667,5.116712166579846
5.725,5.134470244451801
5.733333333333333,5.145939862385338
5.741666666666666,5.15038814583557
5.75,5.149407290494549
5.758333333333333,5.1418052802621395
5.766666666666667,5.128917373780518
5.775,5.115699631389714
5.783333333333333,5.098846954824733
5.791666666666667,5.085917722478712
5.8,5.07584447896666
5.808333333333334,5.069768756198992
5.816666666666666,5.067476212466328
5.825,5.071171717787091
5.833333333333333,5.080958880008744
5.841666666666667,5.097518924944653
5.85,5.119286177033284
5.858333333333333,5.141773278401831
5.866666666666666,5.164732502784008
5.875,5.180097401090951
5.883333333333333,5.190519746881522
5.891666666666667,5.197566423888499
5.9,5.203313926865101
5.908333333333333,5.19467987121293
5.916666666666667,5.180821516543018
5.925,5.163027927308714
5.933333333333334,5.1435032696315055
5.941666666666666,5.127932141651192
5.95,5.114608187405603
5.958333333333333,5.1078292778826135
5.966666666666667,5.104802469698953
5.975,5.103855375710583
5.983333333333333,5.111424478573772
5.991666666666666,5.123742287526375
6.0,5.141265579149994
6.008333333333333,5.16285711706799
6.016666666666667,5.182581949983205
6.025,5.202466524905236
6.033333333333333,5.2156255483678935
6.041666666666667,5.226993577149175
6.05,5.231261626072422
6.058333333333334,5.2234864244302885
6.066666666666666,5.214307044226959
6.075,5.203760469700962
6.083333333333333,5.185655145642447
6.091666666666667,5.165363489044702
6.1,5.150616438100783
6.108333333333333,5.138631214625792
6.116666666666666,5.134737264354731
6.125,5.132082964098867
6.133333333333333,5.136533505525141
6.141666666666667,5.144333013479205
6.15,5.159962315969028
6.158333333333333,5.178985632692762
6.166666666666667,5.2021225624407865
6.175,5.22048951437891
6.183333333333334,5.233622507639914
6.191666666666666,5.246564075883243
6.2,5.248163473081096
6.208333333333333,5.246917295064112
6.216666666666667,5.237899469862162
6.225,5.218101140535433
6.233333333333333,5.1995886964548985
6.241666666666666,5.178634331114463
6.25,5.158355058811345
6.258333333333333,5.146321886361467
6.266666666666667,5.134945890630776
6.275,5.130555319245043
6.283333333333333,5.136331067046557
6.291666666666667,5.145121086904689
6.3,5.161742297267562
6.308333333333334,5.183034766825284
6.316666666666666,5.204455489154311
6.325,5.225040724392039
6.333333333333333,5.241619479242318
6.341666666666667,5.256169019858572
6.35,5.263399727763031
6.358333333333333,5.261102001133302
6.366666666666666,5.25651767902568
6.375,5.244831300938928
6.383333333333333,5.233612570933581
6.391666666666667,5.216949798980356
6.4,5.200569057149928
6.408333333333333,5.1853105509738375
6.416666666666667,5.174370875662487
6.425,5.165562813581929
6.433333333333334,5.163737395774052
6.441666666666666,5.169456109399713
6.45,5.17910693621355
6.458333333333333,5.197749854771446
6.466666666666667,5.213883560235818
6.475,5.232945356402624
6.483333333333333,5.247397541701775
6.491666666666666,5.263809107745973
6.5,5.2748449693672566
6.508333333333333,5.279030121860756
6.516666666666667,5.278573135191149
6.5249999999999995,5.267017796335815
6.533333333333333,5.257227090165185
6.541666666666667,5.2388442350527
6.55,5.221926708006958
6.558333333333334,5.206291385430844
6.566666666666666,5.195575075478181
6.575,5.1914655663389215
6.583333333333333,5.192416538514642
6.591666666666667,5.194976906794966
6.6,5.207173678603543
6.608333333333333,5.22664197123026
6.616666666666666,5.247532005647654
6.625,5.270770556535825
6.633333333333333,5.293248437259243
6.641666666666667,5.308463093420986
6.6499999999999995,5.319161934613472
6.658333333333333,5.324215751158294
6.666666666666667,5.326019857185808
6.675,5.320291201936164
6.683333333333334,5.308538134837008
6.691666666666666,5.292314912226815
6.7,5.2768615796601
6.708333333333333,5.25326575625184
6.716666666666667,5.240187274224179
6.725,5.230019835732495
6.733333333333333,5.227291550475674
6.741666666666666,5.228632887135038
6.75,5.24283448364091
6.758333333333333,5.259562339755041
6.766666666666667,5.275813289575976
6.7749999999999995,5.298015186558915
6.783333333333333,5.319436812176148
6.791666666666667,5.338005036330113
6.8,5.352065903176397
6.808333333333334,5.353513331137175
6.816666666666666,5.355506498006003
6.825,5.356537004660148
6.833333333333333,5.34739060120508
6.841666666666667,5.331530930294477
6.85,5.313426207888195
6.858333333333333,5.297068746688363
6.866666666666666,5.283041388537342
6.875,5.268887912130298
6.883333333333333,5.264505743063711
6.891666666666667,5.266578051502673
6.8999999999999995,5.273269274310955
6.908333333333333,5.288645900074361
6.916666666666667,5.311845958061807
6.925,5.332492336018256
6.933333333333334,5.352534655213247
6.941666666666666,5.370837127992261
6.95,5.383820448632148
6.958333333333333,5.392792696565863
6.966666666666667,5.3985918519772245
6.975,5.396046480319056
6.983333333333333,5.385744584300476
6.991666666666666,5.378348329013064
7.0,5.362406380694606
7.008333333333333,5.345750321161019
7.016666666666667,5.330815276490925
7.0249999999999995,5.320871505074917
7.033333333333333,5.3157782859627
7.041666666666667,5.316902068922073
7.05,5.3245832516082805
7.058333333333334,5.335971463932268
7.066666666666666,5.3519506221378785
7.075,5.373018251347768
7.083333333333333,5.398049145601453
7.091666666666667,5.420536368270163
7.1,5.439901349841792
7.108333333333333,5.451145545388391
7.116666666666666,5.460795208813396
7.125,5.461194777928122
7.133333333333333,5.453825252978979
7.141666666666667,5.440358372605363
7.1499999999999995,5.421106755452524
7.158333333333333,5.405671327108976
7.166666666666667,5.391072618984828
7.175,5.378409530449995
7.183333333333334,5.371308175259949
7.191666666666666,5.371164686098876
7.2,5.373988762164311
7.208333333333333,5.383732302743416
7.216666666666667,5.393237087427759
7.225,5.407271895499104
7.233333333333333,5.4284157601005045
7.241666666666666,5.448362587910215
7.25,5.467045813442503
7.258333333333333,5.483216444794751
7.266666666666667,5.493492758552381
7.2749999999999995,5.494586059089099
7.283333333333333,5.4921788653309855
7.291666666666667,5.479461081350081
7.3,5.469375056967523
7.308333333333334,5.453285798246011
7.316666666666666,5.431252372288414
7.325,5.416393087213531
7.333333333333333,5.40287937852798
7.341666666666667,5.400316568743424
7.35,5.399580875970283
7.358333333333333,5.400971642478531
7.366666666666666,5.414070529643168
7.375,5.431350900907248
7.383333333333333,5.452919213910467
7.391666666666667,5.475999205014158
7.3999999999999995,5.498816638487793
7.408333333333333,5.51537050021487
7.416666666666667,5.527427557785331
7.425,5.530101177673101
7.433333333333334,5.527170118866403
7.441666666666666,5.52384833547027
7.45,5.508088500209783
7.458333333333333,5.492618841170824
7.466666666666667,5.474130506116937
7.475,5.455454107878587
7.483333333333333,5.446357045654148
7.491666666666666,5.435257955430176
7.5,5.434490693717742
7.508333333333333,5.436912128915257
7.516666666666667,5.448145663729698
7.5249999999999995,5.460515517718156
7.533333333333333,5.479374442323932
7.541666666666667,5.499530146668546
7.55,5.519987796676053
7.558333333333334,5.537342730022579
7.566666666666666,5.551914724741455
7.575,5.562274024215049
7.583333333333333,5.566722601195168
7.591666666666667,5.565916702803438
7.6,5.556191516013598
7.608333333333333,5.54108691820462
7.616666666666666,5.526641884892362
7.625,5.510171875933415
7.633333333333333,5.496639370427929
7.641666666666667,5.485991281127098
7.6499999999999995,5.486388165628257
7.658333333333333,5.490114926690452
7.666666666666667,5.496365568837837
7.675,5.514516008067979
7.683333333333334,5.533172978345869
7.691666666666666,5.555570452019928
7.7,5.5768541491792405
7.708333333333333,5.595823611048924
7.716666666666667,5.606363503683318
7.725,5.614816522885386
7.733333333333333,5.620304617216612
7.741666666666666,5.616045788566018
7.75,5.609712670747245
7.758333333333333,5.597578607924326
7.766666666666667,5.575947245653617
7.7749999999999995,5.560176075418466
7.783333333333333,5.545337826448586
7.791666666666667,5.534756154961812
7.8,5.528262937155754
7.808333333333334,5.531672820443282
7.816666666666666,5.542183048182295
7.825,5.554313320917923
7.833333333333333,5.570057782836808
7.841666666666667,5.588207990180486
7.85,5.612071830994638
7.858333333333333,5.631586452690566
7.866666666666666,5.649474412909462
7.875,5.66179248495234
7.883333333333333,5.665896757925323
7.891666666666667,5.669120369064234
7.8999999999999995,5.662065344282084
7.908333333333333,5.649554467541998
7.916666666666667,5.632144898912436
7.925,5.615624724739737
7.933333333333334,5.600004618205255
7.941666666666666,5.582647391239395
7.95,5.574710566223339
7.958333333333333,5.567786435675365
7.966666666666667,5.572521750940607
7.975,5.577145220775278
7.983333333333333,5.588539632744074
7.991666666666666,5.611161651059747
8.0,5.631356008992098
8.008333333333333,5.652296622437766
8.016666666666666,5.6676508842059174
8.025,5.683965450039869
8.033333333333333,5.693043911332106
8.041666666666666,5.695911070663947
8.05,5.685089524901068
8.058333333333334,5.675915723323805
8.066666666666666,5.658541684494648
8.075,5.646039931979297
8.083333333333334,5.629440281414453
8.091666666666667,5.6144768717848645
8.1,5.605494976721368
8.108333333333333,5.600372134507799
8.116666666666667,5.606119421271432
8.125,5.61304323650269
8.133333333333333,5.626803897220449
8.141666666666666,5.648314158870077
8.15,5.671552540010107
8.158333333333333,5.691230577141183
8.166666666666666,5.7147812265580695
8.175,5.729757698190908
8.183333333333334,5.740433274084403
8.191666666666666,5.746589115258687
8.2,5.737831407730606
8.208333333333334,5.733426090601421
8.216666666666667,5.7204485986059055
8.225,5.705914640312621
8.233333333333333,5.691407376451133
8.241666666666667,5.679864561143912
8.25,5.669121281678507
8.258333333333333,5.660974952947345
8.266666666666666,5.657179573908711
8.275,5.665039652828975
8.283333333333333,5.677167995127695
8.291666666666666,5.6932158391029395
8.3,5.715194711816358
8.308333333333334,5.7347856316512935
8.316666666666666,5.754922875823882
8.325,5.774384754272681
8.333333333333334,5.786321734012036
8.341666666666667,5.7926935744893004
8.35,5.793590467460789
8.358333333333333,5.791057192165071
8.366666666666667,5.783419984478146
8.375,5.768251760773063
8.383333333333333,5.752542378822007
8.391666666666666,5.736787654267901
8.4,5.723889029104363
8.408333333333333,5.714974191680081
8.416666666666666,5.711815175178378
8.425,5.711774726917988
8.433333333333334,5.718592251114943
8.441666666666666,5.7343575514432485
8.45,5.751827064281502
8.458333333333334,5.7716625799129355
8.466666666666667,5.792902774404178
8.475,5.810138601155493
8.483333333333333,5.8253872280287675
8.491666666666667,5.8296528274923265
8.5,5.834610893415095
8.508333333333333,5.830744767103462
8.516666666666666,5.8222558466907
8.525,5.808388331792312
8.533333333333333,5.790608209443243
8.541666666666666,5.77537843936616
8.55,5.763326172001796
8.558333333333334,5.7542621690551226
8.566666666666666,5.746619414745847
8.575,5.74879768815385
8.583333333333334,5.754741206172236
8.591666666666667,5.767685230119497
8.6,5.788490926634678
8.608333333333333,5.8095925972075815
8.616666666666667,5.828326623754881
8.625,5.848173803607045
8.633333333333333,5.868108823560579
8.641666666666666,5.877003662306536
8.65,5.8843290595825195
8.658333333333333,5.8840184759400005
8.666666666666666,5.87524101309402
8.675,5.863063525972745
8.683333333333334,5.844214454209355
8.691666666666666,5.824247360697905
8.7,5.80630658110143
8.708333333333334,5.79663071573789
8.716666666666667,5.7872379878882105
8.725,5.7853244791748475
8.733333333333333,5.794098599725045
8.741666666666667,5.806664890458516
8.75,5.822192567421863
8.758333333333333,5.842054916212132
8.766666666666666,5.863086743800042
8.775,5.882573450522898
8.783333333333333,5.903300000648856
8.791666666666666,5.917083361766884
8.8,5.928016268942313
8.808333333333334,5.929586673245476
8.816666666666666,5.926873077500218
8.825,5.914665552703987
8.833333333333334,5.8996201539891855
8.841666666666667,5.884564932221808
8.85,5.871677219778146
8.858333333333333,5.864253365793219
8.866666666666667,5.857452610046233
8.875,5.851632393634507
8.883333333333333,5.857582907803313
8.891666666666666,5.862551861220314
8.9,5.8815868917329865
8.908333333333333,5.90042494346942
8.916666666666666,5.923824594381092
8.925,5.951437197353961
8.933333333333334,5.968797768377915
8.941666666666666,5.983904875056083
8.95,5.994727012688275
8.958333333333334,6.004826780524172
8.966666666666667,6.000038370737151
8.975,5.993437119202104
8.983333333333333,5.977261191027846
8.991666666666667,5.961413658312713
9.0,5.948720006375182
9.008333333333333,5.934657157526453
9.016666666666666,5.927556312855358
9.025,5.925350681998943
9.033333333333333,5.925632665959972
9.041666666666666,5.936312476498928
9.05,5.954285464051728
9.058333333333334,5.974142677704165
9.066666666666666,5.997786361884592
9.075,6.020612763928532
9.083333333333334,6.042183700856848
9.091666666666667,6.06015929711254
9.1,6.07273336288389
9.108333333333333,6.077385575438676
9.116666666666667,6.078749157694889
9.125,6.072929279592697
9.133333333333333,6.062467881227266
9.141666666666666,6.0465189527685315
9.15,6.032702184983527
9.158333333333333,6.021222423286624
9.166666666666666,6.014902048625605
9.175,6.009475707315217
9.183333333333334,6.008326941693438
9.191666666666666,6.012727088813152
9.2,6.021913850150676
9.208333333333334,6.0374084673815585
9.216666666666667,6.05717152159624
9.225,6.080456224113051
9.233333333333333,6.101495316186415
9.241666666666667,6.120532831579814
9.25,6.131720925922749
9.258333333333333,6.140007360753874
9.266666666666666,6.13496205147724
9.275,6.127591473224602
9.283333333333333,6.117590615667287
9.291666666666666,6.099378764522854
9.3,6.081758766129127
9.308333333333334,6.06226389644541
9.316666666666666,6.048792338378563
9.325,6.043847180691783
9.333333333333334,6.041172565058626
9.341666666666667,6.044527048821594
9.35,6.047561325226692
9.358333333333333,6.062257981268369
9.366666666666667,6.080501138502081
9.375,6.102669976112965
9.383333333333333,6.1240605459362305
9.391666666666666,6.141348668128361
9.4,6.153221803457573
9.408333333333333,6.163257254028545
9.416666666666666,6.164038963521326
9.425,6.161344390660828
9.433333333333334,6.1504690247706275
9.441666666666666,6.138111624203429
9.45,6.1209056489233795
9.458333333333334,6.105664433656811
9.466666666666667,6.092932156397679
9.475,6.084437372979334
9.483333333333333,6.082056942558322
9.491666666666667,6.083427978594144
9.5,6.093336281510521
9.508333333333333,6.105741948100978
9.516666666666666,6.124666814935844
9.525,6.145042036890944
9.533333333333333,6.171626605388855
9.541666666666666,6.197434397817192
9.55,6.213321654952751
9.558333333333334,6.22879819212636
9.566666666666666,6.235866155623188
9.575,6.2364376854926435
9.583333333333334,6.23253423128812
9.591666666666667,6.219816054768332
9.6,6.204167037993196
9.608333333333333,6.187634445408951
9.616666666666667,6.17516847492119
9.625,6.162596824704891
9.633333333333333,6.160671651898197
9.641666666666666,6.156739478750134
9.65,6.162841155399346
9.658333333333333,6.178238035884167
9.666666666666666,6.190972968157267
9.675,6.208621091539825
9.683333333333334,6.229313237752693
9.691666666666666,6.247865328033473
9.7,6.267210521796112
9.708333333333334,6.280612669673964
9.716666666666667,6.284730462616026
9.725,6.2855293013418825
9.733333333333333,6.280473665617682
9.741666666666667,6.269193671969628
9.75,6.251069855480121
9.758333333333333,6.236265184057381
9.766666666666666,6.222421955308531
9.775,6.210462688689444
9.783333333333333,6.203397298945339
9.791666666666666,6.199580899228269
9.8,6.197280284623029
9.808333333333334,6.204402784538952
9.816666666666666,6.214218678473767
9.825,6.2310471456631475
9.833333333333334,6.252815594113424
9.841666666666667,6.2725076796109
9.85,6.2877288666090525
9.858333333333333,6.306461622402131
9.866666666666667,6.314517585837369
9.875,6.321416949273001
9.883333333333333,6.31811928645426
9.891666666666666,6.310507790688568
9.9,6.298449599734481
9.908333333333333,6.282138019756255
9.916666666666666,6.270960216372284
9.925,6.258798291707872
9.933333333333334,6.248859141457508
9.941666666666666,6.239832228367911
9.95,6.237889615140647
9.958333333333334,6.246799125633551
9.966666666666667,6.2544657197671985
9.975,6.270043018971757
9.983333333333333,6.28834663995724
9.991666666666667,6.3124889494041305
10.0,6.336656473270671
10.008333333333333,6.353421177810695
10.016666666666666,6.3657027170483795
10.025,6.370908781924426
10.033333333333333,6.3670003397726855
10.041666666666666,6.357083545498333
10.05,6.337099018225477
10.058333333333334,6.314391460761956
10.066666666666666,6.295219672768994
10.075,6.279525757237024
10.083333333333334,6.263117127859451
10.091666666666667,6.257140533651077
10.1,6.251151890257095
10.108333333333333,6.255209328927476
10.116666666666667,6.264496950937508
10.125,6.283855843911761
10.133333333333333,6.301531871328352
10.141666666666666,6.320564941682961
10.15,6.344674522757856
10.158333333333333,6.36358971456946
10.166666666666666,6.379282610999851
10.175,6.391076438449814
10.183333333333334,6.394977867004509
10.191666666666666,6.389956647584657
10.2,6.3827604912799325
10.208333333333334,6.371216100824939
10.216666666666667,6.353137790230143
10.225,6.340137569775214
10.233333333333333,6.327000462470926
10.241666666666667,6.31125038215891
10.25,6.306754099555634
10.258333333333333,6.308329702796041
10.266666666666666,6.314767050704727
10.275,6.329376214764046
10.283333333333333,6.343094559714643
10.291666666666666,6.36607136113855
10.3,6.384038872853085
10.308333333333334,6.403035162351744
10.316666666666666,6.412926755376459
10.325,6.42500862511195
10.333333333333334,6.424959047340744
10.341666666666667,6.421444464815594
10.35,6.412709642747873
10.358333333333333,6.394365771267126
10.366666666666667,6.37903738202991
10.375,6.360825139177336
10.383333333333333,6.345024923906033
10.391666666666666,6.328522676191964
10.4,6.320353733694073
10.408333333333333,6.3179812740434125
10.416666666666666,6.318032497023374
10.425,6.324290162071271
10.433333333333334,6.343250186730816
10.441666666666666,6.359496064453987
10.45,6.377806793485075
10.458333333333334,6.399126124606353
10.466666666666667,6.416333373848164
10.475,6.423776274376247
10.483333333333333,6.425698505558339
10.491666666666667,6.42621608726089
10.5,6.41387896092133
10.508333333333333,6.398939057134139
10.516666666666666,6.381672299816681
10.525,6.361326861913193
10.533333333333333,6.340797699133012
10.541666666666666,6.323079652203068
10.55,6.312913469836453
10.558333333333334,6.311699456467975
10.566666666666666,6.31118655891545
10.575,6.3180468462088335
10.583333333333334,6.331808506067046
10.591666666666667,6.351637625042214
10.6,6.376000353298438
10.608333333333333,6.3969134466284565
10.616666666666667,6.4207363873482475
10.625,6.434183416360344
10.633333333333333,6.435927518166202
10.641666666666666,6.4399134420347535
10.65,6.430447250807324
10.658333333333333,6.419378904128027
10.666666666666666,6.404846261766187
10.675,6.388668954407604
10.683333333333334,6.370133100318516
10.691666666666666,6.349724033992687
10.7,6.340939566479263
10.708333333333334,6.333014134584256
10.716666666666667,6.337512735881864
10.725,6.342377632482775
10.733333333333333,6.358826478622534
10.741666666666667,6.3753841587549145
10.75,6.395181481410215
10.758333333333333,6.416594567767115
10.766666666666666,6.435996278412632
10.775,6.448100707895737
10.783333333333333,6.4595276404037945
10.791666666666666,6.4627624317120285
10.8,6.460916009306967
10.808333333333334,6.452118348814048
10.816666666666666,6.441906393620019
10.825,6.433631143522731
10.833333333333334,6.417977840686863
10.841666666666667,6.401080016095588
10.85,6.386548242108435
10.858333333333333,6.378051870621293
10.866666666666667,6.377046720142298
10.875,6.385401575204987
10.883333333333333,6.399638759463123
10.891666666666666,6.414301594671571
10.9,6.431925103960211
10.908333333333333,6.45232670859476
10.916666666666666,6.471840742370102
10.925,6.489223421902914
10.933333333333334,6.499867568175462
10.941666666666666,6.504549901440701
10.95,6.500874322799106
10.958333333333334,6.497316591505345
10.966666666666667,6.489466555746469
10.975,6.469949243959789
10.983333333333333,6.452722887887176
10.991666666666667,6.438762214665277
11.0,6.425299424854911
11.008333333333333,6.415444831438592
11.016666666666666,6.412012832997751
11.025,6.4090076076342815
11.033333333333333,6.416424466920858
11.041666666666666,6.431004190271861
11.05,6.447123719118846
11.058333333333334,6.469191162617518
11.066666666666666,6.488450236179117
11.075,6.503766907356882
11.083333333333334,6.516423545242204
11.091666666666667,6.522554789061524
11.1,6.524266593195978
11.108333333333333,6.518017026181288
11.116666666666667,6.502575547058226
11.125,6.488394640785741
11.133333333333333,6.47333048914556
11.141666666666666,6.456427357231888
11.15,6.441623213438508
11.158333333333333,6.426458101911634
11.166666666666666,6.424611785269623
11.175,6.426062316154669
11.183333333333334,6.431419862190579
11.191666666666666,6.445911888646366
11.2,6.462072168248098
11.208333333333334,6.480047046247657
11.216666666666667,6.501736481734875
11.225,6.521779874062783
11.233333333333333,6.540429564654634
11.241666666666667,6.5524525944853345
11.25,6.5592083147169635
11.258333333333333,6.556697102395923
11.266666666666666,6.5439341292138895
11.275,6.530114825055052
11.283333333333333,6.513960803503648
11.291666666666666,6.496068958343099
11.3,6.4786456255011275
11.308333333333334,6.467431705542982
11.316666666666666,6.460669340646856
11.325,6.458235217451916
11.333333333333334,6.465651601304938
11.341666666666667,6.472825983604403
11.35,6.49240205708144
11.358333333333333,6.512769010272599
11.366666666666667,6.531207077234226
11.375,6.551082649585632
11.383333333333333,6.56705628915437
11.391666666666666,6.575924106092626
11.4,6.574885323241584
11.408333333333333,6.572196161318129
11.416666666666666,6.561941609113968
11.425,6.548991607554562
11.433333333333334,6.535120306860405
11.441666666666666,6.521683114202896
11.45,6.502146037516505
11.458333333333334,6.486699699049187
11.466666666666667,6.478058216940212
11.475,6.472425630736589
11.483333333333333,6.474473369989704
11.491666666666667,6.47880971771722
11.5,6.489461064686144
11.508333333333333,6.506986814193461
11.516666666666666,6.523822515897057
11.525,6.541813431178892
11.533333333333333,6.558053730834157
11.541666666666666,6.571991143869679
11.55,6.576111218195855
11.558333333333334,6.577621677010642
11.566666666666666,6.569708155648575
11.575,6.556785026607658
11.583333333333334,6.538919018596653
11.591666666666667,6.521693630035991
11.6,6.502106039436989
11.608333333333333,6.485261867588051
11.616666666666667,6.471792864237572
11.625,6.463163353680636
11.633333333333333,6.4610726079661145
11.641666666666666,6.464181303821623
11.65,6.473300696804475
11.658333333333333,6.488080526997916
11.666666666666666,6.507069277637687
11.675,6.522662476858057
11.683333333333334,6.543953318239172
11.691666666666666,6.562199687061564
11.7,6.572844642254239
11.708333333333334,6.571311051478808
11.716666666666667,6.570572527617314
11.725,6.561899747945951
11.733333333333333,6.546565334913235
11.741666666666667,6.530102355237614
11.75,6.51057922698255
11.758333333333333,6.498978735094669
11.766666666666666,6.481574604525978
11.775,6.470757218024575
11.783333333333333,6.474173650998222
11.791666666666666,6.478106857730861
11.8,6.486418481722807
11.808333333333334,6.505453242927572
11.816666666666666,6.5211809558797595
11.825,6.537084156657121
11.833333333333334,6.554611967701366
11.841666666666667,6.572625541973093
11.85,6.587350284139044
11.858333333333333,6.590795973304101
11.866666666666667,6.592139617319924
11.875,6.5933911521459505
11.883333333333333,6.582981364879971
11.891666666666666,6.56931499952389
11.9,6.548963233156616
11.908333333333333,6.532053591943476
11.916666666666666,6.513740276569988
11.925,6.500589734809395
11.933333333333334,6.495908049248834
11.941666666666666,6.497053349581901
11.95,6.507563169462681
11.958333333333334,6.518791132589736
11.966666666666667,6.531006366600828
11.975,6.549170375648633
11.983333333333333,6.567729763147472
11.991666666666667,6.583580802647551
12.0,6.593729005232633
12.008333333333333,6.606470434836083
12.016666666666666,6.606631299890019
12.025,6.6051300643988595
12.033333333333333,6.593952261146653
12.041666666666666,6.5808564029458045
12.05,6.566516893167611
12.058333333333334,6.551187960854843
12.066666666666666,6.539725495455995
12.075,6.533476074252912
12.083333333333334,6.528649880302515
12.091666666666667,6.530484618491483
12.1,6.541680983442625
12.108333333333333,6.552696811319121
12.116666666666667,6.56761871041471
12.125,6.590414181601167
12.133333333333333,6.611229754315874
12.141666666666666,6.629995413199867
12.15,6.650095262349758
12.158333333333333,6.661419028541771
12.166666666666666,6.6647368867277965
12.175,6.665963650718827
12.183333333333334,6.66229058465272
12.191666666666666,6.651002171793596
12.2,6.6399621678126906
12.208333333333334,6.621451333193168
12.216666666666667,6.608144463802962
12.225,6.596380458389304
12.233333333333333,6.591733701582476
12.241666666666667,6.594927131516169
12.25,6.596355542474645
12.258333333333333,6.6035768205081915
12.266666666666666,6.618947547049337
12.275,6.640875193199446
12.283333333333333,6.662687751486306
12.291666666666666,6.682932369558844
12.3,6.702919547199237
12.308333333333334,6.721565416054527
12.316666666666666,6.732547855557415
12.325,6.734452451183088
12.333333333333334,6.731708078635503
12.341666666666667,6.721470092879539
12.35,6.706939463505049
12.358333333333333,6.690389958556817
12.366666666666667,6.673998494377647
12.375,6.657165589047456
12.383333333333333,6.648206329876063
12.391666666666666,6.644376311538214
12.4,6.649000566301542
12.408333333333333,6.6561995199716755
12.416666666666666,6.6707414694712615
12.425,6.686067162566962
12.433333333333334,6.703208103194649
12.441666666666666,6.72454224361008
12.45,6.741229699652765
12.458333333333334,6.755632094460066
12.466666666666667,6.767151446722409
12.475,6.773736793966134
12.483333333333333,6.77118186756903
12.491666666666667,6.765022158826806
12.5,6.753336270494688
12.508333333333333,6.741977820227696
12.516666666666666,6.7300146429416285
12.525,6.719774102757512
12.533333333333333,6.709282571599708
12.541666666666666,6.706259649449942
12.55,6.703433357770634
12.558333333333334,6.706617640036445
12.566666666666666,6.717141274460546
12.575,6.73497247968785
12.583333333333334,6.754499235202821
12.591666666666667,6.777244486794105
12.6,6.795373797685074
12.608333333333333,6.810739641257407
12.616666666666667,6.825478388481235
12.625,6.832416790944348
12.633333333333333,6.832548370742098
12.641666666666666,6.830205243522516
12.65,6.820712520856381
12.658333333333333,6.8060297462008
12.666666666666666,6.79117217158485
12.675,6.775918679319943
12.683333333333334,6.761291054737073
12.691666666666666,6.755885207983957
12.7,6.753447770109694
12.708333333333334,6.758979526906033
12.716666666666667,6.765048703978579
12.725,6.773945305297443
12.733333333333333,6.790783607229687
12.741666666666667,6.8125860226204775
12.75,6.82932050383606
12.758333333333333,6.846522483951117
12.766666666666666,6.85840056844358
12.775,6.867120141938456
12.783333333333333,6.865593270394669
12.791666666666666,6.862837484222374
12.8,6.852968053371251
12.808333333333334,6.846384067832721
12.816666666666666,6.8296465193630995
12.825,6.81243650992075
12.833333333333334,6.797388051484339
12.841666666666667,6.786856758001736
12.85,6.784205875118585
12.858333333333333,6.78364109919012
12.866666666666667,6.79345076115915
12.875,6.808579226424333
12.883333333333333,6.82515557630849
12.891666666666666,6.842313302585126
12.9,6.86526139037722
12.908333333333333,6.884664731264501
12.916666666666666,6.901073476504092
12.924999999999999,6.912736834503945
12.933333333333334,6.917493835746838
12.941666666666666,6.919418680941397
12.95,6.910195753600563
12.958333333333334,6.8946861509458515
12.966666666666667,6.879003107535062
12.975,6.8651936020143
12.983333333333333,6.84475292387685
12.991666666666667,6.8287999674366295
13.0,6.819708229548553
13.008333333333333,6.821012399021169
13.016666666666666,6.8252820767817
13.025,6.83314122821458
13.033333333333333,6.85371723432192
13.041666666666666,6.871206966178395
13.049999999999999,6.892748713072165
13.058333333333334,6.91123169557611
13.066666666666666,6.926051868413893
13.075,6.932777892209243
13.083333333333334,6.937398817840596
13.091666666666667,6.937092763398547
13.1,6.931056102217877
13.108333333333333,6.920983435902705
13.116666666666667,6.9054608639162485
13.125,6.891116038353419
13.133333333333333,6.877244291529006
13.141666666666666,6.867006498070367
13.15,6.856473578968581
13.158333333333333,6.852778460259229
13.166666666666666,6.855960148231911
13.174999999999999,6.867768527354952
13.183333333333334,6.881197445388665
13.191666666666666,6.899688057902197
13.2,6.920215871024228
13.208333333333334,6.940645570669552
13.216666666666667,6.957237083289583
13.225,6.968907055548525
13.233333333333333,6.977005764226957
13.241666666666667,6.982484239601196
13.25,6.981674366611798
13.258333333333333,6.964653364618598
13.266666666666666,6.95644644116735
13.275,6.935795748615418
13.283333333333333,6.9147524030592145
13.291666666666666,6.900329738521929
13.299999999999999,6.887550500193676
13.308333333333334,6.882860739975121
13.316666666666666,6.879374959194221
13.325,6.885648877516261
13.333333333333334,6.897215003424156
13.341666666666667,6.915532081450858
13.35,6.932040730239187
13.358333333333333,6.954665784810085
13.366666666666667,6.969670148289454
13.375,6.9855012546696615
13.383333333333333,6.9955542004690505
13.391666666666666,7.007863695367708
13.4,7.006818132384508
13.408333333333333,7.001389958781995
13.416666666666666,6.986328753392736
13.424999999999999,6.972193541686977
13.433333333333334,6.955619467990065
13.441666666666666,6.937476667549094
13.45,6.92508631564577
13.458333333333334,6.923484794441924
13.466666666666667,6.916439552628316
13.475,6.92301378063964
13.483333333333333,6.93410742271911
13.491666666666667,6.952382295975953
13.5,6.967101175475764
13.508333333333333,6.989353293923588
13.516666666666666,7.009588951015377
13.525,7.030823177194612
13.533333333333333,7.04627857563329
13.541666666666666,7.053643869304032
13.549999999999999,7.054629221095015
13.558333333333334,7.053296408816443
13.566666666666666,7.0390923782266155
13.575,7.024464311324112
13.583333333333334,7.005411578687337
13.591666666666667,6.985697835428339
13.6,6.969623432919751
13.608333333333333,6.957742643729944
13.616666666666667,6.951497461416384
13.625,6.950120450817656
13.633333333333333,6.955608777524999
13.641666666666666,6.970979740025266
13.65,6.984408095470654
13.658333333333333,7.004438869739858
13.666666666666666,7.022775695560494
13.674999999999999,7.039031537568074
13.683333333333334,7.048009357374633
13.691666666666666,7.054351889071673
13.7,7.054605986853408
13.708333333333334,7.050331821045879
13.716666666666667,7.041253541471676
13.725,7.0253973992816015
13.733333333333333,7.0083933582767
13.741666666666667,6.992873153899667
13.75,6.978166614278595
13.758333333333333,6.962778155568604
13.766666666666666,6.95484823694269
13.775,6.956988997725309
13.783333333333333,6.9605652013976345
13.791666666666666,6.968823961792053
13.799999999999999,6.974248245856927
13.808333333333334,6.990556240158277
13.816666666666666,7.001746043614226
13.825,7.017130846085172
13.833333333333334,7.027473153652145
13.841666666666667,7.037796285038776
13.85,7.038689545615617
13.858333333333333,7.033271884337007
13.866666666666667,7.02604563038033
13.875,7.016460226524483
13.883333333333333,6.99800948700154
13.891666666666666,6.981045151502413
13.9,6.963460625785111
13.908333333333333,6.948835858156355
13.916666666666666,6.936889593615673
13.924999999999999,6.930568158427049
13.933333333333334,6.9320707237364445
13.941666666666666,6.941862611416454
13.95,6.956457133394714
13.958333333333334,6.975429712415873
13.966666666666667,6.993645722491831
13.975,7.015878980813988
13.983333333333333,7.02943281672368
13.991666666666667,7.0419777522085765
14.0,7.048744640592031
14.008333333333333,7.051728693154477
14.016666666666666,7.047419390047151
14.025,7.0389689509587985
14.033333333333333,7.028637040144373
14.041666666666666,7.0124192583876805
14.049999999999999,6.9931515454048965
14.058333333333334,6.979227827902443
14.066666666666666,6.9696534878717555
14.075,6.962835373245746
14.083333333333334,6.968741369725992
14.091666666666667,6.970819637241843
14.1,6.982962478994963
14.108333333333333,6.999571093929871
14.116666666666667,7.01938774384246
14.125,7.039811531178263
14.133333333333333,7.0643501175358745
14.141666666666666,7.077899427828358
14.15,7.087465175921772
14.158333333333333,7.088977259356979
14.166666666666666,7.089002647388179
14.174999999999999,7.078491784384675
14.183333333333334,7.063016105886286
14.191666666666666,7.051873629283064
14.2,7.031629895852276
14.208333333333334,7.0163137065928805
14.216666666666667,7.0018123733020925
14.225,6.990653319206999
14.233333333333333,6.986055001132952
14.241666666666667,6.982039401353473
14.25,6.991944860244616
14.258333333333333,7.0064870548026965
14.266666666666666,7.02664584025489
14.275,7.046159908604236
14.283333333333333,7.065561654931382
14.291666666666666,7.082186638335277
14.299999999999999,7.094834210510565
14.308333333333334,7.101802928238538
14.316666666666666,7.100347375048519
14.325,7.097097338272231
14.333333333333334,7.084122009791445
14.341666666666667,7.0691131600673005
14.35,7.054714698310527
14.358333333333333,7.036744778446921
14.366666666666667,7.0217408562575745
14.375,7.011452243966716
14.383333333333333,7.006224306665849
14.391666666666666,7.010363223141457
14.4,7.017990250833001
14.408333333333333,7.0239962028231036
14.416666666666666,7.04303025217974
14.424999999999999,7.057621209854599
14.433333333333334,7.076200627487881
14.441666666666666,7.090483015578786
14.45,7.102964637285328
14.458333333333334,7.10696806753415
14.466666666666667,7.10778119576093
14.475,7.09980371116234
14.483333333333333,7.085216409927542
14.491666666666667,7.063005923352241
14.5,7.043651334289908
14.508333333333333,7.028317293812781
14.516666666666666,7.005926866515372
14.525,6.990166999622452
14.533333333333333,6.97923823707335
14.541666666666666,6.98076678265567
14.549999999999999,6.986297356084873
14.558333333333334,6.998828867129704
14.566666666666666,7.01461506079129
14.575,7.035689805897168
14.583333333333334,7.057144270399921
14.591666666666667,7.075252368730108
14.6,7.090865737267325
14.608333333333333,7.1000408190685835
14.616666666666667,7.100511499234872
14.625,7.099242234022018
14.633333333333333,7.087537201522365
14.641666666666666,7.074150711847484
14.65,7.056707479120062
14.658333333333333,7.0426135084902075
14.666666666666666,7.024429762841501
14.674999999999999,7.016241517283217
14.683333333333334,7.0081386550937586
14.691666666666666,7.004236616738368
14.7,7.003708322295426
14.708333333333334,7.01373017766484
14.716666666666667,7.031006442311659
14.725,7.045164095895005
14.733333333333333,7.062407501368844
14.741666666666667,7.076626223290882
14.75,7.091614940003661
14.758333333333333,7.105798267632157
14.766666666666666,7.114773902969546
14.775,7.116314335162991
14.783333333333333,7.116144220908579
14.791666666666666,7.107184295720983
14.799999999999999,7.094130948825726
14.808333333333334,7.074716805937487
14.816666666666666,7.05672105234537
14.825,7.040088061932201
14.833333333333334,7.026569889240246
14.841666666666667,7.021916751292526
14.85,7.024355280035983
14.858333333333333,7.03003011858414
14.866666666666667,7.038338323911571
14.875,7.055499229669224
14.883333333333333,7.075674973301352
14.891666666666666,7.097018704743747
14.9,7.112615715106811
14.908333333333333,7.131024357242871
14.916666666666666,7.141826442243789
14.924999999999999,7.145236249649246
14.933333333333334,7.143801958767712
14.941666666666666,7.131440142264491
14.95,7.116994709362272
14.958333333333334,7.105749876583503
14.966666666666667,7.091325002183473
14.975,7.0689939049660095
14.983333333333333,7.059603192379437
14.991666666666667,7.045887706107743
15.0,7.039250814668667
15.008333333333333,7.044729354754321
15.016666666666666,7.054531480497779
15.025,7.065092000449647
15.033333333333333,7.0812919390583735
15.041666666666666,7.093269087830823
15.049999999999999,7.110515592647271
15.058333333333334,7.12310604147126
15.066666666666666,7.131483416488692
15.075,7.136294123129429
15.083333333333334,7.139746505261822
15.091666666666667,7.132166442868388
15.1,7.120556835732785
15.108333333333333,7.110603706854703
15.116666666666667,7.094099620617609
15.125,7.077620344818979
15.133333333333333,7.0612026983273015
15.141666666666666,7.0535998257064385
15.15,7.048216521513601
15.158333333333333,7.050071856189357
15.166666666666666,7.0548825356728475
15.174999999999999,7.0687286310209965
15.183333333333334,7.086724348284948
15.191666666666666,7.108801168685894
15.2,7.125691643601584
15.208333333333334,7.142749486687521
15.216666666666667,7.153623057463767
15.225,7.1605224351849825
15.233333333333333,7.169797560353647
15.241666666666667,7.166258443072463
15.25,7.154130283971363
15.258333333333333,7.137305852906897
15.266666666666666,7.120196673691632
15.275,7.100582214265422
15.283333333333333,7.0824475658261035
15.291666666666666,7.067446955995344
15.299999999999999,7.061864544904204
15.308333333333334,7.058854330731374
15.316666666666666,7.0629005501957165
15.325,7.074052035786173
15.333333333333334,7.089961084523646
15.341666666666667,7.1072558574082505
15.35,7.129433797244095
15.358333333333333,7.143162606316718
15.366666666666667,7.156933006526151
15.375,7.1642109670676
15.383333333333333,7.163945498060705
15.391666666666666,7.1663000733131135
15.4,7.154532508301574
15.408333333333333,7.1400876692267765
15.416666666666666,7.126002172135576
15.424999999999999,7.112162966286478
15.433333333333334,7.09787785789837
15.441666666666666,7.087358588461638
15.45,7.075902488310214
15.458333333333334,7.072892924213876
15.466666666666667,7.0696018571814605
15.475,7.071495134003127
15.483333333333333,7.086382276243331
15.491666666666667,7.104174218300294
15.5,7.12115652392612
15.508333333333333,7.1373672282436695
15.516666666666666,7.151537700765091
15.525,7.1616542528721565
15.533333333333333,7.169427881263384
15.541666666666666,7.17352045273737
15.549999999999999,7.16886859430745
15.558333333333334,7.1607521101318845
15.566666666666666,7.147124973902725
15.575,7.127675391515328
15.583333333333334,7.112775412214125
15.591666666666667,7.099728431116815
15.6,7.087239574960148
15.608333333333333,7.079929766863828
15.616666666666667,7.090869088545601
15.625,7.101327189138416
15.633333333333333,7.113198867781112
15.641666666666666,7.132873995395105
15.65,7.155351447279841
15.658333333333333,7.180541965487358
15.666666666666666,7.1989783369276905
15.674999999999999,7.214101382699049
15.683333333333334,7.223878116569379
15.691666666666666,7.225642813010935
15.7,7.221997933673137
15.708333333333334,7.2134810587329925
15.716666666666667,7.203513630375857
15.725,7.182566461227791
15.733333333333333,7.1669898757861
15.741666666666667,7.1497394355322985
15.75,7.138362835162785
15.758333333333333,7.132014170796516
15.766666666666666,7.13342036225417
15.775,7.135638171168837
15.783333333333333,7.1429041773989335
15.791666666666666,7.158068530696626
15.799999999999999,7.17300881418362
15.808333333333334,7.193860863593171
15.816666666666666,7.2099057877303725
15.825,7.2270221859897354
15.833333333333334,7.235368319275748
15.841666666666667,7.242297213134438
15.85,7.239739344630413
15.858333333333333,7.232060605079745
15.866666666666667,7.222429676135994
15.875,7.207761465197828
15.883333333333333,7.19688924320671
15.891666666666666,7.176630562493142
15.9,7.162506711522807
15.908333333333333,7.150768882371583
15.916666666666666,7.138309284195712
15.924999999999999,7.145246599645546
15.933333333333334,7.150902854038329
15.941666666666666,7.165261129206226
15.95,7.1788928151794185
15.958333333333334,7.197158743217198
15.966666666666667,7.215576267514495
15.975,7.235536524407679
15.983333333333333,7.254380584051347
15.991666666666667,7.26881384526652
16.0,7.268335551766783
16.008333333333333,7.26786572237405
16.016666666666666,7.256472154620502
16.025,7.241217793343116
16.03333333333333,7.226377082406822
16.041666666666668,7.209577162965303
16.05,7.19348528488835
16.058333333333334,7.183623210036508
16.066666666666666,7.1784913959102274
16.075,7.178891724903694
16.083333333333332,7.188226212985058
16.091666666666665,7.201351574386209
16.1,7.2200418632314864
16.108333333333334,7.2434170848130295
16.116666666666667,7.260308490340037
16.125,7.279450585829054
16.133333333333333,7.295977624713725
16.141666666666666,7.3133255963286015
16.15,7.3224233411179664
16.15833333333333,7.320605665790237
16.166666666666668,7.3128347338145705
16.175,7.291650358218001
16.183333333333334,7.279356507504579
16.191666666666666,7.262153535503174
16.2,7.252467134920194
16.208333333333332,7.2395655416222215
16.216666666666665,7.233007574044564
16.225,7.231970945554519
16.233333333333334,7.242664331791367
16.241666666666667,7.249038260075853
16.25,7.264677485388584
16.258333333333333,7.286281443462153
16.266666666666666,7.301010134961289
16.275,7.323573612718871
16.28333333333333,7.339131614448604
16.291666666666668,7.347462914209142
16.3,7.35339567184613
16.308333333333334,7.356232424007603
16.316666666666666,7.351769134358751
16.325,7.344218360616141
16.333333333333332,7.326336081042716
16.341666666666665,7.30953595636968
16.35,7.290731234196728
16.358333333333334,7.273888221294337
16.366666666666667,7.259567335838271
16.375,7.2584006795067
16.383333333333333,7.258429450208963
16.391666666666666,7.2626647676617155
16.4,7.271146401010504
16.40833333333333,7.291840449653584
16.416666666666668,7.308830150841205
16.425,7.325731818443957
16.433333333333334,7.348583334757278
16.441666666666666,7.36560285322758
16.45,7.378022662092933
16.458333333333332,7.387202894937462
16.466666666666665,7.387521570607149
16.475,7.379667211836948
16.483333333333334,7.366976319883702
16.491666666666667,7.352267566620979
16.5,7.336125943334369
16.508333333333333,7.325232831733462
16.516666666666666,7.315782132249103
16.525,7.31167087061306
16.53333333333333,7.313652349002604
16.541666666666668,7.316295651314251
16.55,7.321528428679382
16.558333333333334,7.334567029680225
16.566666666666666,7.357137655964612
16.575,7.373878373897282
16.583333333333332,7.39150163381385
16.591666666666665,7.405755248441178
16.6,7.418455505275598
16.608333333333334,7.428827111015741
16.616666666666667,7.427325805790067
16.625,7.426663614048903
16.633333333333333,7.407380231353851
16.641666666666666,7.390594086250636
16.65,7.374033719143063
16.65833333333333,7.358270699259519
16.666666666666668,7.343009126080691
16.675,7.329237045414684
16.683333333333334,7.3227306968574775
16.691666666666666,7.318888094990375
16.7,7.320736092037273
16.708333333333332,7.338974207216209
16.716666666666665,7.353831805412291
16.725,7.371771546181593
16.733333333333334,7.3877145325773155
16.741666666666667,7.406019020503255
16.75,7.4160855820836735
16.758333333333333,7.411496469051297
16.766666666666666,7.408451170924875
16.775,7.397857618256261
16.78333333333333,7.379093240376563
16.791666666666668,7.369485866013894
16.8,7.354117881700112
16.808333333333334,7.33495804649329
16.816666666666666,7.324141854340407
16.825,7.310968307514776
16.833333333333332,7.3046822643962415
16.841666666666665,7.3034643421889545
16.85,7.312071500516922
16.858333333333334,7.323625217492521
16.866666666666667,7.340941563547765
16.875,7.366945305671601
16.883333333333333,7.385388268899697
16.891666666666666,7.402747990408069
16.9,7.41591788678067
16.90833333333333,7.426045167625755
16.916666666666668,7.427520962659211
16.925,7.420438788357683
16.933333333333334,7.411454021718462
16.941666666666666,7.399493081368076
16.95,7.383358924865649
16.958333333333332,7.368392532997818
16.966666666666665,7.356130568401431
16.975,7.347472442352213
16.983333333333334,7.340324375454487
16.991666666666667,7.339406216256286
17.0,7.345741410063464
17.008333333333333,7.351812516996126
17.016666666666666,7.36490654532243
17.025,7.387187757376958
17.03333333333333,7.409129738231641
17.041666666666668,7.431136300252401
17.05,7.452049100256988
17.058333333333334,7.460735284939854
17.066666666666666,7.4763144409641225
17.075,7.476734627753442
17.083333333333332,7.473251536253039
17.091666666666665,7.467175992782853
17.1,7.452511657776172
17.108333333333334,7.43348827955205
17.116666666666667,7.416127176753417
17.125,7.401538321074397
17.133333333333333,7.3852705341791784
17.141666666666666,7.379335366787966
17.15,7.382746077702376
17.15833333333333,7.389523418479581
17.166666666666668,7.401170913092379
17.175,7.4158877394411595
17.183333333333334,7.441256025783191
17.191666666666666,7.459165167077644
17.2,7.485862547186386
17.208333333333332,7.498763122550917
17.216666666666665,7.513688351132872
17.225,7.521915032144981
17.233333333333334,7.513675731911157
17.241666666666667,7.506774453044985
17.25,7.497571805274541
17.258333333333333,7.480550407721585
17.266666666666666,7.4688326373227785
17.275,7.451442224807509
17.28333333333333,7.4411185789324605
17.291666666666668,7.439047646257406
17.3,7.439018105437896
17.308333333333334,7.4440497957092635
17.316666666666666,7.4573854401337725
17.325,7.470700969637329
17.333333333333332,7.485742691062875
17.341666666666665,7.502289228761023
17.35,7.522741220237554
17.358333333333334,7.534580960737739
17.366666666666667,7.551385350167403
17.375,7.556694493488538
17.383333333333333,7.556387964220365
17.391666666666666,7.550664797016149
17.4,7.539519264964053
17.40833333333333,7.520394773016866
17.416666666666668,7.5040874915343885
17.425,7.492413389561458
17.433333333333334,7.475502966201192
17.441666666666666,7.467598965243062
17.45,7.466215302150533
17.458333333333332,7.468459896000939
17.466666666666665,7.471198812481425
17.475,7.4844716062276975
17.483333333333334,7.5039806508686615
17.491666666666667,7.515795966313914
17.5,7.530326088286379
17.508333333333333,7.54409414168001
17.516666666666666,7.556176830440542
17.525,7.553921043618603
17.53333333333333,7.555616841688745
17.541666666666668,7.543204835954326
17.55,7.539536425275383
17.558333333333334,7.519044554182004
17.566666666666666,7.499808317164559
17.575,7.4780752609027505
17.583333333333332,7.462351206104225
17.591666666666665,7.4465771318662854
17.6,7.435141724462963
17.608333333333334,7.433887661213232
17.616666666666667,7.43317613429464
17.625,7.441067216420967
17.633333333333333,7.461953720214138
17.641666666666666,7.475190552165986
17.65,7.49266686636063
17.65833333333333,7.5121092684469986
17.666666666666668,7.523812517089988
17.675,7.532027176323603
17.683333333333334,7.533065622767007
17.691666666666666,7.535061358881762
17.7,7.529191323715673
17.708333333333332,7.514048226132466
17.716666666666665,7.499383570536784
17.725,7.485637129488163
17.733333333333334,7.466662521419385
17.741666666666667,7.452980928445033
17.75,7.4442495336546655
17.758333333333333,7.448495540510269
17.766666666666666,7.45110170330061
17.775,7.458973088320463
17.78333333333333,7.471693460626399
17.791666666666668,7.485001713883986
17.8,7.4999138127321325
17.808333333333334,7.517475119552047
17.816666666666666,7.529988250061416
17.825,7.546265416023976
17.833333333333332,7.549537186729942
17.841666666666665,7.551851150865063
17.85,7.541063527107174
17.858333333333334,7.528315577840581
17.866666666666667,7.5161137269832645
17.875,7.502123350266024
17.883333333333333,7.4899988909725685
17.891666666666666,7.474647716939513
17.9,7.465580163852129
17.90833333333333,7.462767090399171
17.916666666666668,7.46509445665646
17.925,7.4756447849634045
17.933333333333334,7.488133457108526
17.941666666666666,7.501657633819965
17.95,7.521504214615434
17.958333333333332,7.539447474035215
17.966666666666665,7.562611245414118
17.975,7.575030572940346
17.983333333333334,7.580520435745201
17.991666666666667,7.5824274219325085
18.0,7.576016206577994
18.008333333333333,7.561709092674994
18.016666666666666,7.546863777835452
18.025,7.523964266418061
18.03333333333333,7.503959584153633
18.041666666666668,7.498049974599839
18.05,7.482215400078045
18.058333333333334,7.481463144429227
18.066666666666666,7.481692790194636
18.075,7.485540344803657
18.083333333333332,7.49347202332716
18.091666666666665,7.509676202469618
18.1,7.524858256840555
18.108333333333334,7.542927107379404
18.116666666666667,7.556330582927542
18.125,7.569650062727209
18.133333333333333,7.5779195728708055
18.141666666666666,7.581452068194159
18.15,7.577265344341602
18.15833333333333,7.5712537819390535
18.166666666666668,7.554714125218546
18.175,7.543732972803782
18.183333333333334,7.529230563225639
18.191666666666666,7.517261326082788
18.2,7.504230829157894
18.208333333333332,7.500029550065042
18.216666666666665,7.4965459810721455
18.225,7.496279340593538
18.233333333333334,7.504072908505456
18.241666666666667,7.519199475088749
18.25,7.53630470177741
18.258333333333333,7.557382767971314
18.266666666666666,7.580157456406302
18.275,7.5979393333448595
18.28333333333333,7.613368416945103
18.291666666666668,7.620639004181721
18.3,7.620746321340439
18.308333333333334,7.6157445977759535
18.316666666666666,7.613155979902739
18.325,7.599527072019171
18.333333333333332,7.577997166464665
18.341666666666665,7.570500961722596
18.35,7.557554358424554
18.358333333333334,7.548270214194221
18.366666666666667,7.54708488290467
18.375,7.550000878967659
18.383333333333333,7.551364140257513
18.391666666666666,7.566472748173639
18.4,7.576434885375652
18.40833333333333,7.6003553603218705
18.416666666666668,7.6244257158481235
18.425,7.641088619746691
18.433333333333334,7.658476910278538
18.441666666666666,7.674211965335812
18.45,7.673656083817923
18.458333333333332,7.6656215162237356
18.466666666666665,7.6523283926719445
18.475,7.63813556234345
18.483333333333334,7.620745622886751
18.491666666666667,7.601178464538145
18.5,7.587533313279683
18.508333333333333,7.574231429870044
18.516666666666666,7.564260018922296
18.525,7.5661497339751955
18.53333333333333,7.565758829356931
18.541666666666668,7.57154082437364
18.55,7.582788238189302
18.558333333333334,7.599184553952295
18.566666666666666,7.621039986758257
18.575,7.636229862900181
18.583333333333332,7.643718291135099
18.591666666666665,7.649739969736037
18.6,7.6593978698694904
18.608333333333334,7.664291806307145
18.616666666666667,7.657805195697491
18.625,7.649450398900557
18.633333333333333,7.632086941289636
18.641666666666666,7.615018247135917
18.65,7.597277636299494
18.65833333333333,7.5827056714418735
18.666666666666668,7.574926640085554
18.675,7.571562628453335
18.683333333333334,7.577244146803434
18.691666666666666,7.585122342392226
18.7,7.593831506667333
18.708333333333332,7.611721180042955
18.716666666666665,7.626353637158755
18.725,7.641714585399833
18.733333333333334,7.647803355701581
18.741666666666667,7.658757882086812
18.75,7.6643212137902
18.758333333333333,7.659614123904732
18.766666666666666,7.655414242551147
18.775,7.65429658047117
18.78333333333333,7.636879607676404
18.791666666666668,7.626659125610949
18.8,7.611202101274678
18.808333333333334,7.59527015906537
18.816666666666666,7.582599831117223
18.825,7.578622211055203
18.833333333333332,7.5820672945160545
18.841666666666665,7.585879661131803
18.85,7.599476031618572
18.858333333333334,7.612541799252284
18.866666666666667,7.629434469111247
18.875,7.647889697194164
18.883333333333333,7.660773409213612
18.891666666666666,7.670234499425342
18.9,7.673382952338605
18.90833333333333,7.674466458586348
18.916666666666668,7.6721796058668374
18.925,7.665202293061397
18.933333333333334,7.650714172537589
18.941666666666666,7.637914974921323
18.95,7.618074766294892
18.958333333333332,7.606884859230279
18.966666666666665,7.594348118607226
18.975,7.586061535628484
18.983333333333334,7.575851663732917
18.991666666666667,7.580068207367909
19.0,7.585115115872937
19.008333333333333,7.600310572976177
19.016666666666666,7.610175086640958
19.025,7.630896483226361
19.03333333333333,7.641341544197787
19.041666666666668,7.653954599596665
19.05,7.663056543950722
19.058333333333334,7.671292024457895
19.066666666666666,7.669438432492653
19.075,7.6619360387015
19.083333333333332,7.652207784019734
19.091666666666665,7.636416597803949
19.1,7.6225645468996595
19.108333333333334,7.607073401916078
19.116666666666667,7.596504661055199
19.125,7.582884226207022
19.133333333333333,7.580593282840743
19.141666666666666,7.584107553198416
19.15,7.587694967254845
19.15833333333333,7.604493722119652
19.166666666666668,7.6193717318839305
19.175,7.635023468038888
19.183333333333334,7.65138599084077
19.191666666666666,7.67029910152095
19.2,7.68354191290976
19.208333333333332,7.691851496390852
19.216666666666665,7.694078431171665
19.225,7.690075849785057
19.233333333333334,7.694906932495054
19.241666666666667,7.6837591278232305
19.25,7.6687594517706295
19.258333333333333,7.649513090659544
19.266666666666666,7.635737302878133
19.275,7.629450445535417
19.28333333333333,7.626151062375667
19.291666666666668,7.629956803886859
19.3,7.6462728727951985
19.308333333333334,7.659982584184148
19.316666666666666,7.672428875826395
19.325,7.698097972337797
19.333333333333332,7.719690372551776
19.341666666666665,7.73976092838211
19.35,7.762295393245468
19.358333333333334,7.776682936053529
19.366666666666667,7.7930878484229575
19.375,7.7992461194163925
19.383333333333333,7.800977975976132
19.391666666666666,7.798321179071039
19.4,7.791576074776521
19.40833333333333,7.7832046362803915
19.416666666666668,7.773231597663345
19.425,7.773717525844199
19.433333333333334,7.767247263625315
19.441666666666666,7.760488354982643
19.45,7.766513680903337
19.458333333333332,7.771995436145132
19.466666666666665,7.784938672439672
19.475,7.801556312983977
19.483333333333334,7.833617922240584
19.491666666666667,7.847319827085446
19.5,7.86158176648731
19.508333333333333,7.874724339628966
19.516666666666666,7.883315742223852
19.525,7.888970259840217
19.53333333333333,7.894800762941311
19.541666666666668,7.890293157403828
19.55,7.875192109614175
19.558333333333334,7.86251446020755
19.566666666666666,7.845378656244454
19.575,7.83334884871336
19.583333333333332,7.82467536484489
19.591666666666665,7.820695478386518
19.6,7.8230882614077935
19.608333333333334,7.825674037169095
19.616666666666667,7.839691268827867
19.625,7.848969366240401
19.633333333333333,7.8645702159801125
19.641666666666666,7.887252817894683
19.65,7.903090543730779
19.65833333333333,7.918974803418863
19.666666666666668,7.931839641622609
19.675,7.933610607967589
19.683333333333334,7.936323806803433
19.691666666666666,7.930881268484672
19.7,7.918967250331598
19.708333333333332,7.912518472083179
19.716666666666665,7.892371395458449
19.725,7.876980162850916
19.733333333333334,7.867156760940064
19.741666666666667,7.859071270852681
19.75,7.859372684964044
19.758333333333333,7.868167976015051
19.766666666666666,7.877213234523908
19.775,7.890365836967072
19.78333333333333,7.907301433821681
19.791666666666668,7.926363777404374
19.8,7.943627716816208
19.808333333333334,7.958144689419671
19.816666666666666,7.967083192308926
19.825,7.972557761309999
19.833333333333332,7.9762024520011465
19.841666666666665,7.972642605987822
19.85,7.961392684810059
19.858333333333334,7.948671741047892
19.866666666666667,7.936289265373405
19.875,7.920181015246116
19.883333333333333,7.915271495377294
19.891666666666666,7.912456140481654
19.9,7.918238965079171
19.90833333333333,7.921218717489546
19.916666666666668,7.930154000761802
19.925,7.9525824305881265
19.933333333333334,7.971300592145339
19.941666666666666,7.989770224134796
19.95,8.006455568028196
19.958333333333332,8.01941471979687
19.966666666666665,8.036667582821526
19.975,8.040355957948297
19.983333333333334,8.04451808946017
19.991666666666667,8.037512229635476
20.0,8.034781539608984
20.008333333333333,8.03217301806283
20.016666666666666,8.021339794464666
20.025,8.005855350692284
20.03333333333333,7.994197186756035
20.041666666666668,7.986768608669242
20.05,7.982686764994452
20.058333333333334,7.981977785517974
20.066666666666666,7.989644870918461
20.075,8.0027745493314
20.083333333333332,8.016481248819273
20.091666666666665,8.037802426521333
20.1,8.048802296727441
20.108333333333334,8.074778585371057
20.116666666666667,8.089411013544181
20.125,8.101698235346651
20.133333333333333,8.109641525547925
20.141666666666666,8.112259148276118
20.15,8.110866974497139
20.15833333333333,8.10530726460729
20.166666666666668,8.094822641558752
20.175,8.086058679000153
20.183333333333334,8.071643122944383
20.191666666666666,8.072613994069712
20.2,8.070910689794221
20.208333333333332,8.080021118263193
20.216666666666665,8.079138467473506
20.225,8.095427878793583
20.233333333333334,8.11442281838321
20.241666666666667,8.140450895830602
20.25,8.15889698495467
20.258333333333333,8.181672539505835
20.266666666666666,8.20487134284997
20.275,8.225418050131319
20.28333333333333,8.23657496756482
20.291666666666668,8.245992865917515
20.3,8.247021999903327
20.308333333333334,8.243887991117854
20.316666666666666,8.239629194207904
20.325,8.233681468113964
20.333333333333332,8.224358527362355
20.341666666666665,8.222712270601129
20.35,8.222141264821257
20.358333333333334,8.2309172647174
20.366666666666667,8.23299868849629
20.375,8.2468134770519
20.383333333333333,8.256312828674858
20.391666666666666,8.281160449994076
20.4,8.30016797852
20.40833333333333,8.321218711297568
20.416666666666668,8.338573949872028
20.425,8.355561491334454
20.433333333333334,8.375229542909553
20.441666666666666,8.382110668260715
20.45,8.384129227702287
20.458333333333332,8.378500263780507
20.466666666666665,8.378047027908707
20.475,8.36749146115832
20.483333333333334,8.350211048052119
20.491666666666667,8.349963268446718
20.5,8.340571753249884
20.508333333333333,8.344596709798305
20.516666666666666,8.34550683787362
20.525,8.348875025770134
20.53333333333333,8.358229443514817
20.541666666666668,8.375193267201468
20.55,8.393718616724984
20.558333333333334,8.412782517839261
20.566666666666666,8.426921483894603
20.575,8.442981513255114
20.583333333333332,8.451281646244233
20.591666666666665,8.4549196187564
20.6,8.448018770032656
20.608333333333334,8.443574073299006
20.616666666666667,8.427369719372116
20.625,8.417108792219164
20.633333333333333,8.407519996614969
20.641666666666666,8.397949626072364
20.65,8.384720451986384
20.65833333333333,8.376415349124203
20.666666666666668,8.371094295933844
20.675,8.383339921243826
20.683333333333334,8.384247271537351
20.691666666666666,8.390838399803538
20.7,8.41181650132859
20.708333333333332,8.431555613279777
20.716666666666665,8.447279167474456
20.725,8.459737279726918
20.733333333333334,8.471945437882548
20.741666666666667,8.470453893234339
20.75,8.474355678318869
20.758333333333333,8.468107128212878
20.766666666666666,8.461673213600681
20.775,8.452182631742719
20.78333333333333,8.43824628443161
20.791666666666668,8.42323402505757
20.8,8.412885204716915
20.808333333333334,8.410704869088837
20.816666666666666,8.407330406928404
20.825,8.413172951223475
20.833333333333332,8.419636659393586
20.841666666666665,8.435814811592595
20.85,8.448089113270496
20.858333333333334,8.461648267717393
20.866666666666667,8.477445839057756
20.875,8.497947436044067
20.883333333333333,8.516837201923394
20.891666666666666,8.53144338446846
20.9,8.535363650504479
20.90833333333333,8.540531503770888
20.916666666666668,8.543310703937584
20.925,8.530921962685978
20.933333333333334,8.521013327903722
20.941666666666666,8.505514507799022
20.95,8.50395159797623
20.958333333333332,8.504901311030848
20.966666666666665,8.505129170396154
20.975,8.5026418458897
20.983333333333334,8.507348672580791
20.991666666666667,8.51823099965289
21.0,8.536674209234777
21.008333333333333,8.554548786662759
21.016666666666666,8.57218599659789
21.025,8.597530781064465
21.03333333333333,8.613694909800017
21.041666666666668,8.634566632025308
21.05,8.645058716666448
21.058333333333334,8.655616463038305
21.066666666666666,8.656763778783823
21.075,8.65292469625639
21.083333333333332,8.639714447634034
21.091666666666665,8.633357390879015
21.1,8.621793154855428
21.108333333333334,8.612769407919757
21.116666666666667,8.607743216020543
21.125,8.617557680611663
21.133333333333333,8.622414429269812
21.141666666666666,8.630158996682226
21.15,8.647472427178679
21.15833333333333,8.675300931618036
21.166666666666668,8.689280995964156
21.175,8.710938762888352
21.183333333333334,8.732310997319244
21.191666666666666,8.754959281247308
21.2,8.764976419649766
21.208333333333332,8.773048773998372
21.216666666666665,8.774355949932191
21.225,8.780634873606493
21.233333333333334,8.772702997705709
21.241666666666667,8.761879224346286
21.25,8.752723729958003
21.258333333333333,8.744176151932233
21.266666666666666,8.751591513249357
21.275,8.7509133518093
21.28333333333333,8.758645591735188
21.291666666666668,8.776911304308317
21.3,8.786994382688308
21.308333333333334,8.804758534031627
21.316666666666666,8.830190271488272
21.325,8.849291928974456
21.333333333333332,8.86642704268425
21.341666666666665,8.891231876503067
21.35,8.897705183692135
21.358333333333334,8.910815395476583
21.366666666666667,8.915090065434825
21.375,8.911188453113704
21.383333333333333,8.90502508348973
21.391666666666666,8.903197074088137
21.4,8.899349224529356
21.40833333333333,8.894657151515572
21.416666666666668,8.88680625964686
21.425,8.886868330220947
21.433333333333334,8.882055843537309
21.441666666666666,8.892823020285837
21.45,8.909055873318506
21.458333333333332,8.920981220245102
21.466666666666665,8.941712098437
21.475,8.963403047616305
21.483333333333334,8.9827021425646
21.491666666666667,9.003070220515637
21.5,9.024361343883927
21.508333333333333,9.032673755648224
21.516666666666666,9.034427432078056
21.525,9.019266946176458
21.53333333333333,9.010166975214497
21.541666666666668,8.990568319449505
21.55,8.974690729829858
21.558333333333334,8.962606534247623
21.566666666666666,8.953124197030933
21.575,8.940874147636116
21.583333333333332,8.930751062816372
21.591666666666665,8.929231013847112
21.6,8.936125870907526
21.608333333333334,8.94577596004383
21.616666666666667,8.973852444572287
21.625,8.989594606854505
21.633333333333333,9.011454367392307
21.641666666666666,9.03647809022156
21.65,9.060640943031258
21.65833333333333,9.077942852512948
21.666666666666668,9.08591494421184
21.675,9.094421665317224
21.683333333333334,9.096007450042997
21.691666666666666,9.092550450150792
21.7,9.07810733742675
21.708333333333332,9.06796904740754
21.716666666666665,9.062987471038161
21.725,9.0591676123009
21.733333333333334,9.064625506824582
21.741666666666667,9.06148593037061
21.75,9.069762215517994
21.758333333333333,9.081567699545664
21.766666666666666,9.090810941649138
21.775,9.118964222933368
21.78333333333333,9.144790672745499
21.791666666666668,9.164707361388029
21.8,9.175892476974958
21.808333333333334,9.193975121084248
21.816666666666666,9.200807042684158
21.825,9.20191450867117
21.833333333333332,9.205902248267085
21.841666666666665,9.202432224765868
21.85,9.197599481810808
21.858333333333334,9.186538687128431
21.866666666666667,9.170430558900282
21.875,9.159406046077367
21.883333333333333,9.15268208816476
21.891666666666666,9.147232598887012
21.9,9.152755076978522
21.90833333333333,9.159019396148961
21.916666666666668,9.177330299915825
21.925,9.200149311178798
21.933333333333334,9.221526997425702
21.941666666666666,9.249714835875604
21.95,9.259603082681073
21.958333333333332,9.26768968352674
21.966666666666665,9.281607267763446
21.975,9.285796973329965
21.983333333333334,9.27475787614003
21.991666666666667,9.26293385926887
22.0,9.251102703346586
22.008333333333333,9.237939570208558
22.016666666666666,9.214695709800234
22.025,9.208509819817811
22.03333333333333,9.194280504162208
22.041666666666668,9.185148672798224
22.05,9.17527206587221
22.058333333333334,9.178331187782003
22.066666666666666,9.195168574851651
22.075,9.211246314407667
22.083333333333332,9.239422160850943
22.091666666666665,9.268054117259409
22.1,9.287210013145087
22.108333333333334,9.302868654051107
22.116666666666667,9.308268860093243
22.125,9.311183318745542
22.133333333333333,9.314202158857205
22.141666666666666,9.31523494049942
22.15,9.303071948381564
22.15833333333333,9.293166689585826
22.166666666666668,9.271903286413746
22.175,9.257910465998897
22.183333333333334,9.251317621231442
22.191666666666666,9.247785197946135
22.2,9.240157881211635
22.208333333333332,9.23497773545274
22.216666666666665,9.243360865651049
22.225,9.262657925795745
22.233333333333334,9.28250438607203
22.241666666666667,9.305205343989075
22.25,9.32886974129339
22.258333333333333,9.344775842520413
22.266666666666666,9.363610133446711
22.275,9.365435102421264
22.28333333333333,9.368397960092475
22.291666666666668,9.36441741988144
22.3,9.360265496391365
22.308333333333334,9.34204795402576
22.316666666666666,9.32782837612927
22.325,9.320075011625331
22.333333333333332,9.308114958338876
22.341666666666665,9.30616006187171
22.35,9.306973555482372
22.358333333333334,9.31771224758954
22.366666666666667,9.332480885366957
22.375,9.349542694431134
22.383333333333333,9.364276385841139
22.391666666666666,9.38405965726861
22.4,9.399862595646644
22.40833333333333,9.419456138979909
22.416666666666668,9.43742801529928
22.425,9.448964908924737
22.433333333333334,9.456062885860073
22.441666666666666,9.469765939621496
22.45,9.471911854644485
22.458333333333332,9.45351385843355
22.466666666666665,9.453572102768847
22.475,9.43983273125341
22.483333333333334,9.428629377400355
22.491666666666667,9.429793005836602
22.5,9.435078089586728
22.508333333333333,9.443802730831507
22.516666666666666,9.45129164869974
22.525,9.467822112313083
22.53333333333333,9.473556581793403
22.541666666666668,9.497252209717576
22.55,9.514346918038004
22.558333333333334,9.543170594893384
22.566666666666666,9.561431165576838
22.575,9.579850654834576
22.583333333333332,9.591096310330554
22.591666666666665,9.603650698171712
22.6,9.607199238841988
22.608333333333334,9.606763034221025
22.616666666666667,9.59361922915199
22.625,9.59405473936293
22.633333333333333,9.591622917763077
22.641666666666666,9.593067536073045
22.65,9.60188415605581
22.65833333333333,9.607533308104026
22.666666666666668,9.614702331111246
22.675,9.625665986196905
22.683333333333334,9.633483292759772
22.691666666666666,9.648864198002714
22.7,9.67382645204083
22.708333333333332,9.700665575117924
22.716666666666665,9.723245942013838
22.725,9.748862495444154
22.733333333333334,9.768356066274094
22.741666666666667,9.79223068997321
22.75,9.807471133358536
22.758333333333333,9.81360437983307
22.766666666666666,9.819597880104684
22.775,9.825623157043225
22.78333333333333,9.822117690367309
22.791666666666668,9.827115465680144
22.8,9.832999184596613
22.808333333333334,9.849116191218833
22.816666666666666,9.86193436310193
22.825,9.886392479080765
22.833333333333332,9.89748158286844
22.841666666666665,9.911954371945992
22.85,9.955551843641192
22.858333333333334,9.973036190113413
22.866666666666667,9.991136059952336
22.875,10.00778195947691
22.883333333333333,10.026122947461637
22.891666666666666,10.033740450393505
22.9,10.037428961909768
22.90833333333333,10.040259023987137
22.916666666666668,10.041427925113776
22.925,10.025881808572914
22.933333333333334,10.017673817373424
22.941666666666666,10.010931488430685
22.95,10.00579480397479
22.958333333333332,10.010323821965798
22.966666666666665,10.005120583996542
22.975,10.019881041736198
22.983333333333334,10.038283841021027
22.991666666666667,10.04317633121646
23.0,10.069046389438698
23.008333333333333,10.092824906032988
23.016666666666666,10.113828245874814
23.025,10.135930164170656
23.03333333333333,10.148287316232976
23.041666666666668,10.15785522403579
23.05,10.169554611234274
23.058333333333334,10.169565631390432
23.066666666666666,10.164558634597169
23.075,10.160336668478005
23.083333333333332,10.150970287425052
23.091666666666665,10.140381043886464
23.1,10.138910231077425
23.108333333333334,10.148752860324812
23.116666666666667,10.146225202215986
23.125,10.150943225537167
23.133333333333333,10.17034989023109
23.141666666666666,10.186869259383208
23.15,10.20300645476443
23.15833333333333,10.218956261101377
23.166666666666668,10.251751587956049
23.175,10.258123133129661
23.183333333333334,10.27911349955166
23.191666666666666,10.305915972884328
23.2,10.306336063401307
23.208333333333332,10.312844824494057
23.216666666666665,10.309073622836106
23.225,10.296968867401803
23.233333333333334,10.294369950039707
23.241666666666667,10.282484753376915
23.25,10.279654678727864
23.258333333333333,10.27842411414475
23.266666666666666,10.277675759030574
23.275,10.281869557029761
23.28333333333333,10.280754235037755
23.291666666666668,10.29872916091096
23.3,10.321212591586287
23.308333333333334,10.351800598378038
23.316666666666666,10.389944922957083
23.325,10.412185063236866
23.333333333333332,10.435912419057226
23.341666666666665,10.459743569310472
23.35,10.472207139130493
23.358333333333334,10.47935416965589
23.366666666666667,10.477851668685817
23.375,10.458797996557866
23.383333333333333,10.438927055326035
23.391666666666666,10.416995024805448
23.4,10.384751431642313
23.40833333333333,10.364998472168226
23.416666666666668,10.347470691862188
23.425,10.337406461100445
23.433333333333334,10.334234264038054
23.441666666666666,10.33713703854347
23.45,10.35327531763751
23.458333333333332,10.351760074303755
23.466666666666665,10.363647555198437
23.475,10.366626639130759
23.483333333333334,10.388004273220291
23.491666666666667,10.390331194854195
23.5,10.40152399970201
23.508333333333333,10.397541208055936
23.516666666666666,10.376193570724494
23.525,10.352842951217147
23.53333333333333,10.34065136331029
23.541666666666668,10.307409842193461
23.55,10.287328964783162
23.558333333333334,10.27116141177138
23.566666666666666,10.251537152733626
23.575,10.235137571888506
23.583333333333332,10.22620798685953
23.591666666666665,10.231997207793313
23.6,10.243937621744049
23.608333333333334,10.243276616005975
23.616666666666667,10.263000147288023
23.625,10.284100809235408
23.633333333333333,10.294614460559938
23.641666666666666,10.314676510656039
23.65,10.332316203205286
23.65833333333333,10.32759293465456
23.666666666666668,10.324712281790392
23.675,10.321209773182876
23.683333333333334,10.293187492443364
23.691666666666666,10.275188160995919
23.7,10.265681662297707
23.708333333333332,10.24347057914799
23.716666666666665,10.232142343804899
23.725,10.216711071573593
23.733333333333334,10.214743770744033
23.741666666666667,10.217399288233842
23.75,10.212338762415959
23.758333333333333,10.221428204041917
23.766666666666666,10.215542480601023
23.775,10.222135872859981
23.78333333333333,10.226142790656025
23.791666666666668,10.242660280998923
23.8,10.25715258704973
23.808333333333334,10.25884898897031
23.816666666666666,10.251755128877404
23.825,10.25561850856329
23.833333333333332,10.244524860937474
23.841666666666665,10.220807826978978
23.85,10.206317542873434
23.858333333333334,10.198308433975615
23.866666666666667,10.195095765309068
23.875,10.177642281241862
23.883333333333333,10.182831788455779
23.891666666666666,10.194588990032068
23.9,10.193455678797832
23.90833333333333,10.210271432927973
23.916666666666668,10.213852740879677
23.925,10.23306759641454
23.933333333333334,10.243145855113761
23.941666666666666,10.262145493485649
23.95,10.284215871199025
23.958333333333332,10.29552404595669
23.966666666666665,10.307792976360837
23.975,10.301888283907973
23.983333333333334,10.29272360266358
23.991666666666667,10.294778706319756
24.0,10.28831011457331
24.008333333333333,10.277717804135595
24.016666666666666,10.277792769206563
24.025,10.26730699096969
24.03333333333333,10.274792496525087
24.041666666666668,10.261967303284969
24.05,10.254375568678151
24.058333333333334,10.272029276036484
24.066666666666666,10.284092658839583
24.075,10.293138164161325
24.083333333333332,10.301597783928488
24.091666666666665,10.286971768091687
24.1,10.317484412566023
24.108333333333334,10.3349238979835
24.116666666666667,10.329372038532739
24.125,10.32759634272673
24.133333333333333,10.31551590462463
24.141666666666666,10.313465876633233
24.15,10.29519461236404
24.15833333333333,10.284396573743553
24.166666666666668,10.270258770703663
24.175,10.230386405537882
24.183333333333334,10.222096810588415
24.191666666666666,10.195390758152719
24.2,10.187445032320568
24.208333333333332,10.17350402363389
24.216666666666665,10.183454607749207
24.225,10.188751333200795
24.233333333333334,10.179589187997944
24.241666666666667,10.185092751074224
24.25,10.225483514107644
24.258333333333333,10.225942607445567
24.266666666666666,10.240928925221871
24.275,10.236328940881469
24.28333333333333,10.217329733983904
24.291666666666668,10.209305377672761
24.3,10.184150646013713
24.308333333333334,10.166477333586633
24.316666666666666,10.143673959928119
24.325,10.13680435903674
24.333333333333332,10.144417819915514
24.341666666666665,10.1462290639582
24.35,10.131057939984064
24.358333333333334,10.139705270233518
24.366666666666667,10.156835044939452
24.375,10.18791086651225
24.383333333333333,10.219309464620551
24.391666666666666,10.204084747835145
24.4,10.198971193703406
24.40833333333333,10.212778882044454
24.416666666666668,10.225293694624431
24.425,10.221681302477553
24.433333333333334,10.221635718109633
24.441666666666666,10.212172823715532
24.45,10.218861635787013
24.458333333333332,10.226058233491552
24.466666666666665,10.2175700414436
24.475,10.22364294071877
24.483333333333334,10.209135234701714
24.491666666666667,10.223054050968459
24.5,10.255257301819032
24.508333333333333,10.29373849673433
24.516666666666666,10.34061953440764
24.525,10.386692864728209
24.53333333333333,10.413879312287579
24.541666666666668,10.438623516042368
24.55,10.469602335522188
24.558333333333334,10.473568364472001
24.566666666666666,10.480883933157632
24.575,10.467752550852499
24.583333333333332,10.476280867277843
24.591666666666665,10.491344513458726
24.6,10.463609225800724
24.608333333333334,10.446123457423454
24.616666666666667,10.437080505581966
24.625,10.44448043252225
24.633333333333333,10.441006488639553
24.641666666666666,10.42390671457945
24.65,10.419575673266369
24.65833333333333,10.41760811785424
24.666666666666668,10.429287402014518
24.675,10.454681420906564
24.683333333333334,10.46263320438428
24.691666666666666,10.48582063215431
24.7,10.483856603923655
24.708333333333332,10.498999911105665
24.716666666666665,10.463195090938996
24.725,10.442322955526722
24.733333333333334,10.430647475863923
24.741666666666667,10.398901851925144
24.75,10.387600824383098
24.758333333333333,10.385550366050738
24.766666666666666,10.378941719959167
24.775,10.399532043198242
24.78333333333333,10.409989483082983
24.791666666666668,10.406564238857978
24.8,10.44623545254949
24.808333333333334,10.43780736507174
24.816666666666666,10.443639099913641
24.825,10.472416904747439
24.833333333333332,10.458939034711989
24.841666666666665,10.436675202316597
24.85,10.473079532528995
24.858333333333334,10.463366163513184
24.866666666666667,10.446800144338964
24.875,10.460787756546056
24.883333333333333,10.388463000724892
24.891666666666666,10.307268697573502
24.9,10.242907778737658
24.90833333333333,10.15484654105499
24.916666666666668,10.091030845903894
24.925,10.01970243615374
24.933333333333334,10.02730229378102
24.941666666666666,9.989829132424475
24.95,10.096513445106261
24.958333333333332,10.197484339912112
24.966666666666665,10.37680383639187
24.975,10.49003517207458
24.983333333333334,10.593987710251922
24.991666666666667,11.086012477464465
25.0,11.023967208105732
